1788.1
1882.3
1374.9
1322.7
1761.1
1374.4
984.8
1366.0
1494.8
1230.5
2471.6
1312.7
954.3
996.2
1165.6
2032.6
2972.0
952.3
934.8
1490.8
1929.0
2064.2
1522.7
1328.0
1681.3
1535.8
1820.6
1152.4
1173.9
1236.2
1630.6
1734.1
1477.6
1573.9
1370.7
1679.0
1501.7
1557.8
2003.7
1602.4
1167.2
1566.1
2073.9
1389.7
1078.3
1198.8
2960.7
1743.3
2431.0
1527.9
939.3
4680.2
1301.8
2971.3
1436.0
1568.7
3327.4
1360.3
1944.9
1670.8
1937.7
2453.6
2726.4
2540.0
1427.7
5662.8
3703.9
3060.0
1397.5
2182.4
2465.9
1670.2
1504.9
1822.1
3835.0
2791.4
2242.2
1422.8
1447.6
2005.5
2567.5
2199.8
1228.2
726.1
1307.8
1431.6
2223.1
3416.4
946.4
861.9
961.4
1909.6
714.0
1635.1
2374.3
1467.6
1420.7
2069.9
2482.0
270.1
1688.5
932.8
1507.1
708.7
2113.9
1869.4
1381.7
5670.2
897.4
1468.4
983.7
621.2
713.8
1573.2
1207.0
1725.5
1209.0
2493.5
1490.0
1054.4
1878.6
1062.5
1410.4
3743.6
1673.9
1008.5
1904.7
1442.1
1261.4
1829.9
2249.1
2528.7
1538.6
981.8
697.3
429.4
1000.0
1454.6
978.2
1883.3
2733.8
1286.9
1389.1
2030.7
2532.6
1068.1
1382.2
1193.7
1190.1
1468.0
1678.4
1787.9
1508.0
2259.7
1400.3
1569.3
2604.7
1232.6
2119.0
841.7
817.5
1432.3
1985.7
2489.7
1190.4
1365.7
1445.9
1666.1
1859.9
3235.6
1545.2
1676.5
1463.1
1312.6
2174.0
1128.2
2658.7
3268.8
1765.1
1997.3
1842.1
1443.7
1958.6
2036.8
1217.8
