1336.1
2713.8
1965.5
1865.3
1407.1
1618.9
2501.8
1504.3
1739.3
1794.8
2260.8
3625.5
1805.0
2464.2
2137.9
2191.9
2993.7
3357.6
3151.6
2658.9
1927.8
2300.0
3472.9
3218.4
3236.9
2069.0
2164.2
1939.1
1501.9
1983.4
2018.7
1800.5
2671.8
1776.8
2248.3
2484.4
1492.2
1325.0
1867.8
1515.1
1325.9
1269.4
1236.0
3306.6
1624.2
3438.0
1877.1
3025.5
1495.2
1347.9
1678.9
2081.0
2675.5
2004.2
1459.4
2428.9
1700.1
3152.3
4161.9
1521.4
1862.5
1370.5
3.9
2643.8
2244.4
3070.5
7879.8
3124.8
1763.6
1786.4
2474.4
2104.6
1515.9
3201.6
2212.3
2856.2
2940.4
1658.9
3240.3
2498.7
1078.4
1071.0
1994.0
2502.1
2456.1
2100.7
1037.4
2653.0
2538.0
3140.0
2544.0
3349.3
1592.2
2341.3
3745.7
3943.8
2788.9
1085.9
2565.2
2506.5
2400.8
3006.2
1059.5
2622.5
1931.3
3175.5
2804.3
3302.9
2537.4
3020.0
3851.3
1688.4
2218.7
2498.7
2299.5
2825.9
2409.3
3028.1
3085.5
3197.1
1803.4
2595.0
3341.9
3952.0
2582.2
2102.5
1743.1
2778.4
2417.4
1889.4
3682.6
2024.1
2531.6
2665.0
2806.6
1708.1
3141.1
1100.2
2184.7
2515.4
2209.0
922.9
2636.4
1978.0
2370.1
1861.9
1839.9
1868.4
1673.5
2897.4
1403.5
1575.3
2122.3
1909.1
1661.3
3033.2
2749.6
3211.0
2465.1
2751.9
2263.8
1501.8
1104.0
2035.2
2227.6
1007.5
2482.9
1600.5
1647.1
3741.2
1292.3
932.2
2597.2
4341.3
3697.3
2752.6
1804.9
1229.4
2800.8
1698.9
1289.2
3536.6
2530.0
2932.0
