1673.5
1536.7
2359.8
1477.0
1637.3
1348.9
1346.9
2580.9
1469.3
1629.2
3973.7
2271.0
3341.9
1430.2
1881.5
2543.3
1770.4
2827.6
2102.7
3573.2
1524.8
2738.0
1952.8
3566.6
3166.9
1614.6
1704.0
2287.4
1104.7
1813.8
1724.6
1530.5
2860.3
2003.1
1788.1
2672.9
1334.8
1555.2
1493.0
1276.2
1854.9
1280.0
1304.3
2257.7
1517.5
2960.7
1607.1
1976.6
1027.4
1130.1
1614.4
1792.0
2754.6
1408.1
1685.7
2171.6
1325.3
2103.4
3943.5
1137.6
2237.6
1152.7
2026.1
2308.9
2870.1
7661.4
2540.5
1263.1
2075.9
1388.8
2055.0
2511.6
2359.3
1959.8
2671.6
1807.3
3288.6
1706.5
3229.6
2846.9
1845.5
1841.0
1914.8
2426.0
2479.3
2179.8
1983.2
3573.7
2732.1
2617.1
2422.9
2413.9
3279.3
1707.5
2393.4
3123.0
3015.2
4065.9
1347.9
2219.6
2349.1
2424.0
2217.4
1534.5
2876.4
2010.4
2552.8
2921.2
2680.2
1748.6
2231.2
3228.6
1521.8
2566.9
3093.6
2521.9
2786.9
2942.8
2936.8
3381.0
2178.5
1367.3
3329.5
3097.7
2424.8
891.2
1368.3
2857.5
2671.3
2529.8
4030.8
2016.1
1730.0
1741.1
2400.1
2378.9
2851.2
853.3
2897.3
1185.8
2899.6
2739.7
2361.4
1318.7
2862.7
1676.6
1487.1
1897.2
1598.4
1303.4
2084.9
3245.6
1097.1
1448.9
612.9
3328.7
2828.7
3506.5
1448.8
2488.1
1909.8
2183.2
1188.8
2482.3
1280.5
2213.2
1656.0
1168.9
3118.5
1086.7
1784.3
2676.3
4361.4
3992.8
2941.1
1275.1
1430.1
1796.8
1573.1
2172.5
1261.1
2913.9
2878.2
2862.0
