2314.3
2405.6
2913.0
2353.4
2458.0
2405.1
2396.7
1606.3
2525.5
2617.1
878.3
1787.1
879.2
2343.4
2026.9
1575.8
1965.5
754.1
1503.3
2623.2
2261.2
1028.5
1133.6
2348.2
1562.0
2388.1
2566.5
2117.9
2998.3
2204.6
1252.1
2127.0
1418.2
2387.4
2401.4
2604.6
2588.5
2396.6
2596.8
3752.1
2266.9
2532.4
2633.1
2420.4
2033.7
2229.5
2754.9
3139.8
2542.9
3512.0
1970.0
1485.6
2374.0
2855.1
3720.3
2391.0
2839.4
2701.5
2547.0
2618.6
2461.7
3162.4
3586.0
1875.4
1957.3
6557.3
2428.2
3774.5
2784.7
1982.2
2126.4
2215.0
692.5
2440.7
1337.2
1263.9
2915.9
2897.8
2154.4
1496.2
1941.6
2104.4
2571.5
1499.4
1703.3
1582.9
2540.1
1599.9
1230.5
2693.1
2042.2
3076.9
1440.7
4591.1
1670.5
2719.2
1948.3
2128.6
2386.9
3158.7
2091.1
2101.5
2575.6
4466.9
1254.3
2176.2
2299.4
2392.0
2044.3
2237.7
1563.3
1830.5
1491.4
3485.1
1428.1
2444.7
1504.5
2279.5
2989.1
1764.1
2402.6
2740.7
1141.1
3149.9
1663.1
3402.6
2472.8
1509.7
2141.9
2487.9
935.4
2569.3
2012.5
1734.5
1940.7
1281.6
2877.7
1818.6
3038.8
1751.3
3072.3
1921.9
3306.7
2098.8
1842.4
2412.9
2323.7
2220.8
2498.7
1203.3
2180.8
2609.4
3763.7
2431.0
3073.3
1589.2
1480.9
379.2
2519.9
1893.1
2378.6
2463.0
3362.0
2221.1
2067.4
2854.3
3628.5
2461.7
2742.4
2354.6
2798.7
2930.5
1630.2
1594.1
2092.3
1527.8
2653.3
2343.3
2390.2
2300.0
3121.9
3283.9
2703.6
1809.5
