1092.2
2650.4
1902.1
1801.9
1235.9
1555.5
1857.1
1446.1
1675.9
1731.4
2846.1
1741.6
1819.5
1971.6
1533.6
2214.3
3320.3
2014.2
1761.5
2236.6
2740.7
2439.0
2592.2
2005.6
2172.9
1188.9
1539.7
1802.2
1955.3
1737.1
1892.4
1075.5
2218.5
1705.0
1408.2
1165.3
1804.4
1509.7
662.6
1240.4
1210.8
2231.0
3475.3
1565.6
2793.3
1813.7
3194.2
1533.0
1479.7
1615.5
5479.8
1914.7
1998.7
1924.5
1370.5
1636.7
3321.0
2077.0
3517.2
4663.3
1383.1
1638.1
1726.2
1942.5
1529.3
7235.1
2453.5
2480.7
3293.5
1700.2
1260.4
1424.9
1317.2
960.8
2584.6
3024.9
2161.0
1451.8
2595.6
1719.3
1165.3
1078.0
1392.8
2027.6
1898.3
1424.4
820.9
2008.3
2611.5
1801.5
2015.5
2704.6
1168.8
3217.2
1626.2
2087.6
2036.7
2020.5
1168.8
3422.0
1764.8
2458.3
1466.7
1835.1
1313.2
2647.0
2024.9
2774.4
2387.8
2463.4
3322.8
1522.1
1439.3
1885.2
2415.6
2383.4
2046.5
1525.9
2523.5
2489.1
1324.0
2565.7
2697.2
3423.5
2008.2
2108.8
1679.7
2133.7
1630.0
1091.7
2903.2
2306.7
1960.7
2003.1
2136.5
2161.9
1678.8
2496.4
1573.9
1290.2
1736.0
1493.9
1472.4
1935.1
1914.6
1798.5
1546.8
1805.0
1610.1
2118.0
763.0
1736.2
2379.2
1923.3
1931.2
2104.9
2245.8
2435.8
2423.6
2223.4
2200.4
783.7
1971.8
1527.7
1484.1
1440.2
1355.8
1402.8
1985.2
1401.3
1681.4
3212.7
1741.5
1096.2
1952.5
3561.9
2909.9
1973.2
829.3
911.5
2771.5
1791.4
3008.1
1750.6
