1537.3
1929.7
1107.3
1113.8
993.4
1047.6
3751.5
1124.7
993.7
2407.1
2444.7
3384.0
1452.1
1501.1
2488.1
1488.7
3119.7
1169.3
3344.4
2794.8
1315.5
2134.8
1413.3
2365.6
3201.1
1185.2
1274.6
2151.2
1175.0
882.5
1458.3
1295.2
2724.1
1056.5
1057.8
1780.9
1358.7
2536.7
1112.6
1419.0
920.7
1718.7
1082.1
2520.6
1295.3
2754.4
1251.6
2239.5
805.2
1686.5
1392.2
1362.6
6081.1
2366.3
2618.4
926.4
1463.5
2728.0
888.8
3621.0
2101.4
1709.1
1803.2
2647.9
2086.7
7338.9
3096.9
2338.8
952.3
1526.0
2298.4
2289.4
2231.9
1823.6
3228.0
2070.2
3066.4
1484.3
2857.5
2624.7
1742.5
1704.8
1692.6
2112.3
2192.4
2043.6
1747.2
3836.6
2484.2
2431.7
2179.9
1684.0
2100.2
2907.2
1993.7
2171.2
2868.5
2793.0
4474.0
1211.7
2013.3
1977.0
2202.2
1973.3
1398.3
2654.2
1874.2
2298.3
2785.0
2425.7
1504.5
1987.1
2974.1
1166.3
2344.7
3356.5
2300.1
2650.7
2806.6
1460.9
2042.3
1562.1
3086.5
3074.8
2052.7
1154.1
931.8
2721.3
2449.1
2393.6
3808.6
1300.6
2086.4
2172.6
2479.1
629.2
2654.3
960.1
2763.4
2603.5
2139.2
1107.5
2640.5
1247.2
1586.0
1050.6
1634.1
1242.9
950.4
3023.4
1948.7
577.5
1515.2
1019.5
824.8
3192.5
2692.5
3370.3
1432.2
2233.6
1479.7
2047.0
1745.2
1311.7
2354.9
1144.3
2769.6
1433.8
746.0
2864.0
950.5
1648.1
2540.1
4106.9
3856.6
2804.9
993.6
1660.6
1767.9
2036.3
1035.4
2659.4
2656.0
2489.9
