1481.5
2267.1
1759.7
1707.5
1625.2
1759.2
337.2
1750.8
1879.6
1971.2
1697.5
306.7
1381.0
620.5
1276.0
1615.3
564.7
3864.5
1319.6
1977.3
1559.0
2101.6
1500.7
1152.7
1702.3
1555.3
1920.6
2068.2
1472.0
1558.7
1621.0
940.2
1385.9
787.2
1958.7
1554.6
1755.5
1942.6
1655.5
1886.5
548.0
1795.5
2966.4
1774.5
1353.8
1815.4
1583.6
2109.0
3721.3
1761.6
4566.9
2294.3
611.4
1324.1
1459.6
2209.2
2979.2
1745.1
2077.7
2055.6
1628.9
2316.9
2740.5
2252.9
863.6
5795.6
3007.8
3820.6
1782.3
1939.2
959.8
1473.9
1136.7
3552.0
1514.9
1519.4
1156.1
1263.8
2070.4
2065.0
1175.3
850.3
538.2
1007.8
1726.0
4308.9
558.8
409.6
1754.4
954.0
1303.5
1847.6
761.9
2360.1
4114.8
1881.2
1848.7
844.2
1162.6
712.0
1626.5
1601.2
2244.3
1324.3
1004.3
5300.2
1789.9
778.0
1853.6
1513.7
1606.3
2044.4
1591.8
1124.7
399.3
2139.5
799.6
943.9
2014.4
2155.5
1569.8
1955.0
1257.7
2566.4
804.2
2635.9
1826.9
613.8
1249.9
1882.4
2158.7
1923.4
1366.6
1088.6
1244.4
722.4
2231.8
1056.9
2124.4
2226.8
596.5
844.0
2390.6
2245.5
1452.9
1767.0
1363.8
1574.9
1852.8
1030.8
1439.7
1963.5
3117.8
1785.1
2427.4
1839.4
585.0
1749.0
1734.2
1099.7
1817.1
1637.5
2560.0
1575.2
900.8
1939.9
2752.1
1541.5
2096.5
2354.7
1884.3
2094.4
480.6
2777.7
2626.2
1074.7
1697.4
1649.1
1467.2
2336.2
2318.5
2151.0
1436.0
847.8
