3726.6
3775.6
4283.0
3723.4
3870.3
3775.1
3766.7
2976.3
3895.5
3987.1
2593.2
3157.1
2479.3
3713.4
3396.9
2945.8
3335.5
2059.9
2873.3
3993.2
3631.2
2628.6
2565.6
3718.2
3800.4
3936.5
3487.9
4368.3
3574.6
3636.9
2852.2
3539.3
3018.3
3974.6
3799.7
3771.4
3902.4
3958.5
3808.9
4003.1
3966.8
3917.1
3790.4
3485.5
3599.5
4124.9
3912.9
4583.0
3043.4
3340.0
3786.3
4225.1
3761.0
4209.4
4071.5
3917.0
3988.6
3891.5
5961.9
2752.5
3874.0
4998.3
3369.6
3287.7
7927.3
3798.2
3394.5
3496.4
3627.3
2497.0
3853.0
2707.2
2702.1
4328.2
4310.1
3566.7
2866.2
3311.6
3516.7
3983.8
2869.4
3073.3
2952.9
3910.1
2969.9
2752.3
3412.2
3940.1
4515.8
2853.0
3040.5
4089.2
3318.3
3498.6
3756.9
4571.0
3503.4
3661.7
3513.8
4181.7
3945.6
2854.4
4009.3
3669.4
3762.0
3791.6
3607.7
2975.6
3200.5
3857.0
3028.2
2916.8
2861.4
3691.8
4359.1
4661.1
3026.1
3134.1
2312.7
4624.7
3814.9
4110.7
2511.1
4722.1
3033.1
4772.6
3842.8
2879.7
3554.2
3900.2
2650.3
3382.5
3104.5
3310.7
2651.6
4247.7
3188.6
4451.1
4484.6
3278.4
3334.2
4719.0
3254.7
3468.8
3782.9
3693.7
3590.8
3868.7
2803.4
3593.1
3979.4
5624.3
3801.0
4443.3
3001.5
2850.9
2181.9
3889.9
3263.1
3790.9
3833.0
3591.1
3437.4
3939.3
4266.6
3874.0
4112.4
4101.9
4211.0
4342.8
3050.0
1326.9
3341.4
3127.9
4023.3
3713.3
3802.5
3712.3
4491.9
4653.9
4306.7
3221.8
2284.9
2844.5
