748.3
1428.4
680.1
579.9
712.1
333.5
1690.7
347.2
453.9
509.4
2974.0
519.6
1653.1
897.5
1380.8
2342.2
2255.1
1828.9
750.5
1014.6
1009.0
2541.9
2566.9
2135.6
783.6
950.9
1365.2
515.1
644.3
799.1
733.3
1970.1
582.4
325.0
1003.4
996.5
1782.7
335.1
630.0
204.7
1017.6
304.6
2410.1
517.8
2317.1
591.7
2129.0
311.6
1518.8
614.7
804.4
5607.7
1864.4
776.7
686.0
2504.9
414.7
2255.8
3084.4
132.1
1372.7
1541.4
1473.4
1870.4
1309.2
6802.3
2881.4
1415.5
2228.3
478.2
1597.3
1511.9
1454.4
1083.1
3012.5
1959.7
2288.9
706.8
2198.3
1847.2
1395.0
932.4
915.1
1313.4
1479.6
1268.4
1244.4
3726.1
1825.0
1951.3
1636.7
1355.3
2248.0
1505.7
1393.7
2557.0
3772.9
1376.5
510.6
1317.8
2015.5
1424.3
1798.1
927.4
1876.7
1223.4
1986.8
2031.0
2114.2
1483.5
1803.2
2662.6
501.2
1567.2
1522.2
1861.7
2052.6
1979.1
2498.7
1350.4
1313.6
1579.5
2308.9
2763.3
1393.5
1043.6
1967.3
1671.6
457.7
1604.6
3031.1
1084.7
738.7
1342.9
1476.3
1819.9
654.2
2063.6
807.5
2062.3
1849.5
1361.7
1061.7
1863.0
749.8
576.5
692.6
1217.4
897.5
583.0
388.1
2245.9
545.5
1558.0
1345.9
701.3
866.0
442.5
2446.4
2624.2
1411.2
1563.2
978.4
1274.9
1938.5
1577.4
623.0
2552.5
2413.1
656.3
460.5
567.4
3689.8
875.7
1786.1
2050.9
3110.5
519.5
959.5
1785.3
2347.9
989.6
1247.3
967.9
