1788.6
3039.1
2531.7
2479.5
1932.3
2517.1
1103.4
2278.1
2637.5
2743.2
2469.5
1106.2
2153.0
1149.8
397.3
2387.3
1353.4
2091.6
2749.3
1222.9
1381.8
622.0
1166.9
2474.3
1222.9
1862.4
2692.6
2258.1
2456.9
2330.7
458.5
1601.3
624.6
1861.7
2323.2
2730.7
2426.9
1870.9
2184.2
3760.0
2393.0
2766.0
2204.1
2280.1
2147.4
2355.6
2450.2
2614.7
2203.8
4015.5
2096.1
692.0
1848.3
2912.4
3194.6
2598.3
2871.3
2390.7
1948.7
2392.4
1936.0
2637.3
3060.9
1732.5
1432.2
6589.2
2661.8
3396.5
2259.6
1457.1
1635.8
1689.3
3940.7
636.2
1915.0
1546.7
470.3
2390.8
2372.1
1629.3
1622.3
1360.9
1579.3
2046.4
1349.5
1093.3
997.7
2548.0
1726.0
919.5
2168.0
1529.1
3153.7
4435.2
1297.8
1739.3
2237.4
1956.2
1667.7
2394.8
634.5
2633.0
1565.4
1576.4
4976.7
2583.5
460.7
2679.7
2307.3
2399.9
2547.8
2255.1
1037.6
1175.6
2301.8
1361.6
1615.7
3331.4
2136.6
2997.0
1876.9
2748.6
1650.9
3360.0
1699.3
3024.6
2641.3
977.8
1616.8
2182.8
1438.9
2138.6
1860.6
2038.0
1375.5
2594.6
1850.5
2513.1
2547.2
957.7
1396.8
2781.0
1699.5
2224.9
2695.4
2539.0
1817.8
2346.9
2571.7
409.7
1655.1
2652.0
3378.4
2557.1
2847.0
1350.9
949.0
910.5
2527.8
1893.3
1852.9
2589.1
2836.3
2347.2
2204.8
1579.5
2273.0
2328.6
3102.8
1936.0
2598.6
2858.1
2469.4
2404.8
836.6
2097.6
1860.3
734.2
1864.5
1774.3
3129.8
2707.2
2944.6
1348.9
