411.9
1630.7
882.4
782.2
375.7
535.8
1464.0
439.0
656.2
711.7
1211.3
2772.6
721.9
1426.4
999.1
1154.1
2140.8
2519.4
1621.1
789.0
1216.9
2620.0
2365.5
2185.5
985.9
1153.2
1086.2
791.9
829.7
935.6
717.4
1743.4
724.4
1198.8
1556.0
389.0
293.6
784.7
474.1
724.4
1667.7
180.7
2674.4
507.5
2299.3
319.1
794.0
2393.3
575.9
507.2
1431.7
5406.3
1637.7
942.2
407.0
979.0
2211.7
617.0
3134.3
522.5
1093.7
1386.3
1454.3
1591.4
1184.0
6852.2
2588.2
2492.6
680.5
1304.1
1679.8
1242.4
746.7
2719.3
1386.7
2224.0
2087.5
479.3
2202.5
1645.8
1295.6
814.4
822.3
1349.6
1284.4
1062.9
951.2
1615.2
1441.5
1933.5
1337.5
2297.9
1212.5
1268.5
2539.2
3479.7
1736.5
303.1
1358.7
1367.7
1229.1
1780.3
900.0
1751.5
893.5
6361.2
1969.0
1804.3
2096.4
1747.8
1785.4
2644.8
549.6
1365.8
1327.0
1525.3
1825.9
1990.3
2266.9
1614.7
1034.6
1843.8
2304.1
2745.5
1352.8
1307.9
660.0
1740.6
1546.4
1268.2
2829.7
941.0
1287.0
1325.1
1458.5
1768.8
918.5
2113.5
952.1
848.1
1769.1
1622.8
1236.5
778.8
1135.7
1584.0
894.9
668.2
785.3
590.4
2044.5
881.0
809.8
1822.3
903.6
1130.3
2183.4
1711.8
2392.4
1675.5
1545.4
1180.7
1052.7
1187.8
1365.4
663.6
2119.9
428.8
724.8
2534.7
608.0
788.6
1559.4
3488.4
2878.7
1824.2
721.8
666.3
910.9
2049.6
1001.1
2330.1
1677.1
1880.6
