1160.8
769.4
262.0
697.5
577.1
209.8
2615.8
729.5
335.3
1296.7
1327.2
199.8
1124.6
1360.2
479.6
2176.8
545.2
2208.4
1666.9
204.6
473.5
1508.0
2613.0
344.5
2073.2
422.9
1611.4
990.2
657.9
334.3
550.9
1973.0
1249.6
461.0
1820.0
734.2
1042.5
524.3
580.4
1473.3
914.6
929.6
2412.0
759.0
1848.4
513.5
2486.9
781.6
1933.9
924.8
191.0
5081.1
1644.2
854.0
932.2
2960.6
382.9
2613.7
2615.7
732.1
1618.9
1956.5
2055.8
2116.6
1451.1
3337.1
6333.6
2586.2
420.1
2053.0
1773.4
1576.4
1495.6
3468.2
1633.9
2317.6
2386.4
1009.7
1729.6
1969.2
1977.4
1563.3
1191.9
844.7
1307.3
1395.3
1700.1
3754.5
1356.3
1303.8
1482.6
886.6
1779.3
1961.4
1488.5
2088.3
2261.7
4228.6
1052.0
907.8
849.1
1414.7
1329.4
1289.7
1998.7
1345.4
5814.4
1518.1
1810.8
1645.5
1258.9
1334.5
2193.9
576.3
1689.2
3603.9
1431.1
2151.8
1832.4
1510.4
1559.8
1400.6
1840.2
2294.6
924.8
1401.5
471.7
1603.8
1793.6
1955.8
2672.9
132.6
350.8
874.2
1007.6
1351.2
876.6
1594.9
1169.8
2485.3
1629.3
1483.7
1354.9
2109.2
425.7
313.3
404.8
1044.1
504.8
490.6
1936.4
1629.9
608.3
1762.6
287.4
1072.2
2568.4
1575.0
2263.2
1368.5
1094.5
319.4
1801.6
1857.3
735.0
1699.4
935.2
985.3
2868.8
959.2
741.3
2083.8
335.2
1475.7
1470.6
3291.9
3232.5
2172.9
652.2
1415.2
1523.3
1746.4
1282.8
678.6
