1936.6
2192.9
1625.6
1565.9
1900.4
1572.3
1630.7
1668.7
1692.7
1533.2
1247.7
3117.5
1509.2
1600.2
1306.8
1811.5
2678.5
2491.5
1598.2
1290.5
1571.3
2574.9
2710.1
2168.6
1190.4
1561.1
2222.4
1504.3
1463.7
1520.1
1538.9
2276.5
2188.8
1534.5
2123.5
1734.4
1818.3
1572.0
1550.4
2118.0
1685.9
1703.9
1724.3
1710.0
1724.2
1501.5
2644.4
1427.0
2114.7
1875.8
1249.9
5111.4
1947.7
1224.0
1871.4
3156.2
1404.3
2490.8
2590.8
1537.2
2478.8
2137.3
2410.1
3081.1
2096.5
6308.7
3447.8
1866.1
2743.7
1467.8
2697.7
2211.3
2153.8
2222.9
3578.9
2475.1
2888.1
1963.9
2093.5
2546.6
2349.4
2104.1
1769.3
1267.2
1932.1
1972.7
2344.8
2935.9
1592.3
1147.3
1607.3
1255.1
2281.0
2600.6
2083.3
2066.6
2611.0
983.1
1611.0
1473.9
3023.1
2039.5
940.7
1797.6
2576.1
1922.8
1328.6
2114.3
1456.0
283.9
954.5
3375.6
2004.4
1527.3
2266.6
1490.6
1854.9
1700.3
2135.9
3050.0
2419.7
712.9
2056.3
3263.1
2043.9
1549.6
1588.4
1447.3
1907.3
2371.0
2792.9
3174.6
1292.4
1238.4
1142.4
1645.9
1138.3
1624.1
1567.0
3162.7
1932.8
2035.0
1714.4
3073.7
1378.7
1849.2
1536.6
1566.1
2329.0
1734.8
1492.8
1460.6
2324.3
1296.0
1943.4
2446.3
1501.8
1253.0
1686.0
3145.8
2764.9
525.4
1358.6
1742.9
2173.4
1878.5
2091.8
1543.6
3197.8
1898.4
1464.5
1894.3
1349.8
3338.1
2047.4
1774.1
3137.2
3809.9
2411.0
1509.1
2059.9
2383.2
1094.1
1642.3
2577.9
