1430.4
2808.1
2059.8
1833.6
1713.2
1959.6
3237.4
1598.6
1899.3
2253.1
1889.1
2323.1
2232.2
2447.8
2290.7
1501.4
2394.3
2605.6
2830.3
3025.8
2121.6
2494.4
1774.6
2211.0
2307.6
2077.7
1613.6
2113.0
2336.6
3084.8
2283.7
1742.6
2022.1
2096.3
1419.3
2295.1
1586.5
1609.4
1283.8
1967.2
1894.8
1962.1
1330.3
1363.7
2491.6
1718.5
3226.9
1971.4
2210.5
1542.0
2337.3
1773.2
128.3
2175.3
1959.0
2315.8
1553.7
1794.4
1561.6
3950.8
1956.8
150.9
1174.6
2508.4
1962.9
7668.7
2036.0
2309.8
1857.9
1605.9
916.3
1858.5
1750.8
1567.5
2167.1
2041.2
2552.3
1753.2
3029.2
2110.6
752.2
1165.3
1821.7
2456.5
2331.9
1853.3
1131.7
2441.9
2163.5
2688.1
2444.4
3138.2
568.8
2059.8
3646.1
3091.9
2587.1
1180.2
2465.6
2449.4
2198.4
2887.2
1153.8
2268.7
1742.1
3075.9
2416.2
3203.3
2464.7
2892.3
3751.7
1782.7
1830.6
2318.8
2060.4
2437.8
2817.0
2731.7
1790.9
2922.7
1897.7
2293.3
3130.8
3264.1
2437.1
1732.9
1837.4
2567.3
2063.6
1650.3
3294.5
2464.4
2118.4
2432.0
2565.4
1547.8
2595.5
2930.0
1055.0
2127.3
1927.5
2148.7
879.7
2072.3
2129.5
1956.2
1494.2
1934.2
1962.7
1767.8
2501.0
2509.3
1530.1
1307.3
1262.7
1955.9
1307.4
1637.0
2679.4
2857.2
2312.0
2652.3
2358.1
611.3
2538.5
1873.8
1101.8
1387.7
1694.8
1601.9
3641.6
1241.1
1026.5
2386.1
3953.2
3343.5
2364.5
1899.2
1323.7
1996.4
1491.0
1244.0
3437.0
2141.9
