1669.9
3128.1
2590.3
2490.1
1813.6
2243.7
1651.6
1985.1
2364.1
2405.4
2832.2
2429.8
1614.0
2242.0
1341.7
2315.8
1808.7
4013.9
2201.5
2838.3
2514.9
2667.5
2465.1
2386.7
2563.3
1172.3
2861.1
2234.7
2188.4
2419.7
2411.1
1832.4
1298.4
1645.0
2819.7
1743.0
2030.2
2204.7
1743.5
2492.6
1994.1
1941.7
3920.1
1987.1
2587.8
2373.7
3887.8
2228.0
2482.7
1906.4
5301.2
2185.1
1825.3
2690.2
1555.3
3170.5
2324.9
4014.6
3311.7
2168.5
1817.3
2505.3
2928.9
1028.2
1323.5
7029.6
3547.0
3987.1
2388.4
3174.3
2127.6
947.8
1111.4
1679.0
3718.5
1982.4
1617.6
2390.1
1735.9
2258.8
2253.4
1472.4
2062.7
1692.5
3678.1
1956.9
1317.0
1914.4
1802.8
1624.1
2691.1
2095.1
2499.1
2036.0
1420.4
3296.8
1173.3
3728.3
1985.4
2100.1
2116.3
1559.0
2537.9
2410.8
1234.3
1288.3
6256.1
2726.6
1935.3
2854.0
2467.4
2543.0
3278.4
1962.1
1187.3
1679.4
1208.9
2177.9
1877.5
3109.2
1758.2
2908.7
2491.7
3503.1
1784.2
2802.4
2367.9
1928.2
709.5
1012.9
2724.6
2784.4
2227.6
2082.7
2216.1
1956.4
2372.4
2290.9
2290.9
1967.7
1646.4
1288.1
2557.1
932.5
2313.9
2486.7
1660.9
2365.0
2298.3
2134.6
1614.2
2429.8
3246.4
2611.5
2624.8
1620.2
1899.4
2331.9
2687.9
2303.0
2678.1
1412.5
2748.4
2436.2
1088.0
2106.4
2940.5
1638.6
2376.4
3292.3
2050.8
2282.8
1747.0
3383.3
2863.2
1866.6
2573.3
2429.7
1737.1
1304.8
3289.9
2485.0
3087.7
1381.7
