2455.3
2212.8
2720.2
2160.6
2599.0
2212.3
2203.9
1063.9
2332.7
2424.3
1496.3
1594.3
1025.3
2150.6
1834.1
1383.0
1772.7
953.7
1029.0
2430.4
1056.9
190.2
2155.4
2529.1
2373.7
2074.1
1925.1
2805.5
2011.8
1313.4
2339.6
2440.3
2359.7
1335.9
2411.8
2516.9
2208.6
2395.7
2629.3
2404.0
3559.3
2227.6
1922.7
2036.7
2068.4
2562.1
3268.1
2350.1
3947.9
1777.2
1073.5
2406.6
2662.3
3953.0
2198.2
2646.6
2508.7
2354.2
2425.8
2328.7
2602.7
3290.7
3609.6
2308.7
1856.4
6364.5
3581.7
2235.4
2913.0
2110.5
1933.6
2447.7
4125.9
1266.9
2419.8
1144.4
1390.2
3044.2
3037.7
2045.1
1303.4
1748.8
1981.6
2699.8
4901.8
1025.1
1147.8
1390.1
2347.3
4394.5
1407.1
456.1
2821.4
1849.4
2953.0
5024.4
1874.0
2526.4
1477.7
1755.5
1935.8
2194.1
3105.0
2298.1
1978.1
4694.9
2382.8
1184.5
2446.5
2106.6
2199.2
2613.3
2044.9
1942.1
1637.7
2878.0
1194.5
1937.8
1298.6
3292.3
2543.6
2547.9
828.5
3159.3
1470.3
3209.8
2280.0
909.8
2223.7
2921.2
1553.4
2376.5
1819.7
1541.7
1747.9
1088.8
2684.9
1407.8
2985.1
3200.6
1478.6
1817.8
3163.2
2275.7
1906.0
2220.1
2130.9
2028.0
2305.9
971.7
2413.5
2416.6
3570.9
2238.2
2880.5
2022.5
881.0
1143.7
2327.1
1700.3
2611.3
2270.2
3411.1
2028.3
1874.6
2800.6
3725.9
2433.6
2549.6
2923.6
2750.5
3011.9
1080.1
2158.7
2449.0
1498.5
2460.5
2150.5
2622.9
2441.0
2929.1
3091.1
2743.9
2253.4
