7.313728477830261E-4
5.901010548056355E-4
6.742141191673456E-4
6.557377049180328E-4
6.714936354081513E-4
6.602607327489324E-4
0.0010527793374508704
6.477413540610566E-4
6.386563756930102E-4
5.966270683071701E-4
6.576125804145818E-4
0.0010680210756158922
7.073247406475951E-4
9.0890311919025E-4
7.639791937581275E-4
7.027201124352179E-4
9.726392354209837E-4
3.619030805896372E-4
6.891909219130658E-4
6.221375056257115E-4
6.996129800535874E-4
6.023169981546032E-4
6.968218862665495E-4
7.958817353608562E-4
6.567113040002283E-4
7.003844663666438E-4
6.316185561468581E-4
5.945917998035261E-4
6.418092909535452E-4
6.847887575550063E-4
7.015492546039169E-4
8.576016349171595E-4
7.062368561473995E-4
8.696660482374769E-4
5.986112219650412E-4
6.558158945924999E-4
6.328223878498101E-4
6.145460375140277E-4
6.65605556359427E-4
6.103350061033501E-4
9.582623509369676E-4
6.396884995132805E-4
4.6156428331654923E-4
6.29458665547629E-4
6.975711839685459E-4
5.808485921336505E-4
6.945265397801159E-4
5.755947812739831E-4
4.165685617517613E-4
5.89622641509434E-4
3.219777285649217E-4
5.495444886793835E-4
9.538027701750019E-4
7.202074197368842E-4
7.056080500674929E-4
5.612092187967675E-4
4.3940408436558424E-4
6.346788525006347E-4
5.67346622998169E-4
4.927897084759829E-4
3.496025171381234E-4
3.027425724862046E-4
3.055718093752032E-4
3.2625747962626166E-4
3.956240539424796E-4
2.0473496128648006E-4
2.5760888687828293E-4
2.565388912959204E-4
3.4163658779317615E-4
3.193404168843988E-4
2.7919726555890214E-4
3.580379520229144E-4
3.6965843560550054E-4
2.58762644083745E-4
3.557672972513109E-4
3.4779113982749563E-4
3.521069094839586E-4
3.4600405548939456E-4
2.848840521907584E-4
2.77975766215253E-4
3.5100321616900393E-4
3.706704825612468E-4
4.0997048212528697E-4
3.776561818120783E-4
3.220491312162972E-4
2.3220900970957674E-4
3.9028463549230317E-4
4.104783939099933E-4
2.8339597876021717E-4
3.472222222222222E-4
3.198209002958343E-4
3.2364363893138754E-4
3.939144592867522E-4
2.599143650565656E-4
2.6476039184537993E-4
3.0741304602412465E-4
3.0888258049332964E-4
3.5380207794000895E-4
3.5991231227300985E-4
3.885552808194984E-4
3.4212727134494034E-4
3.052875809012089E-4
2.849478059018945E-4
3.2672967502350855E-4
3.610835866516635E-4
2.2438586564164597E-4
3.2641433849166907E-4
3.7534916201117317E-4
2.9396202010700215E-4
3.0942030106595296E-4
2.9742385186766923E-4
2.716458881390827E-4
3.3629887798465255E-4
3.621578020313761E-4
4.112687641373638E-4
3.1031807602792866E-4
4.0002782802281894E-4
3.647839291470843E-4
2.94354143931997E-4
2.673984941242699E-4
3.9653371503733215E-4
3.69036903690369E-4
4.528892274121498E-4
3.4055526725480025E-4
0.001349606853655674
6.646115557566673E-4
8.067769261799113E-4
0.0015523847271766416
0.0010465603051304712
7.906843013225992E-4
7.51953444273711E-4
8.323298151165262E-4
9.706167828465544E-4
0.001131449260786483
0.0010026114530871106
0.0013868343195266271
7.344019413755667E-4
0.0011242270938729624
7.439492130670546E-4
7.355763080465651E-4
0.001503508185766789
0.0013474770642201836
6.68571081261776E-4
7.47099030360833E-4
9.350163627863488E-4
7.874015748031496E-4
0.001015990811909179
9.495333144773526E-4
7.628596338273757E-4
0.0011653200745804849
0.001004402273795786
7.333682556312206E-4
5.724525859923341E-4
8.007150571673308E-4
6.160966520406322E-4
8.213477403811053E-4
0.0015824915824915826
8.493771234428086E-4
8.3516817250019E-4
0.0011001650247537131
8.280887711162637E-4
9.064039408866995E-4
5.491329479768786E-4
9.292178409825468E-4
0.0012216792536650378
7.746751646184726E-4
6.29774650201254E-4
9.62523039115298E-4
7.675621558484899E-4
6.605831566657449E-4
7.901447401501275E-4
7.180069462997595E-4
0.0016659423439084457
5.981999619327298E-4
6.097215132437185E-4
0.0011900541854458905
8.277508277508277E-4
9.218940018045585E-4
9.71612031091585E-4
6.952598726901923E-4
7.146186111542643E-4
6.719108489019993E-4
9.417808219178083E-4
0.0012587252546057903
