8.298181315261739E-4
5.392773683264426E-4
6.482807055455012E-4
6.385518753990949E-4
7.576007114858855E-4
7.003427209059753E-4
6.152415848623226E-4
7.085425587628231E-4
6.760838919416554E-4
6.796171490060599E-4
5.058005639138202E-4
6.494239891574429E-4
6.216328222130128E-4
5.965637925548839E-4
6.599472042236622E-4
5.85407169369504E-4
4.0036716598636793E-4
6.030098054637932E-4
6.036782254667976E-4
5.821731159887034E-4
5.175413482502698E-4
5.425807973578674E-4
5.350393880060107E-4
6.043725036787892E-4
5.915074630622468E-4
7.862424303255378E-4
6.886846123903345E-4
5.82977069568597E-4
6.124677122999493E-4
6.785219530123548E-4
6.364424222727765E-4
7.82472613458529E-4
5.599104143337066E-4
6.419400855920114E-4
7.013278473910605E-4
7.419148146899134E-4
6.242370436133614E-4
6.949270326615705E-4
9.339722244781938E-4
6.906985922904881E-4
7.639165670253752E-4
5.581741503349045E-4
4.170378935795121E-4
6.685286427382933E-4
4.7895848300785927E-4
6.503030135318372E-4
4.60534219694846E-4
6.750675067506751E-4
6.403024666890265E-4
6.587615283267457E-4
2.816011428885409E-4
6.05701671736614E-4
5.923078948061179E-4
6.175325547053295E-4
7.254376281343636E-4
6.546978205836995E-4
4.0031243897676233E-4
5.416559195254063E-4
4.1375159858572186E-4
3.558553680008664E-4
3.6317127473117425E-4
3.339354290311319E-4
3.51996644797939E-4
3.409503083061299E-4
3.549766178445202E-4
1.805483746542909E-4
2.9040318768150196E-4
2.7588248751799963E-4
2.7294231819008916E-4
3.4585426002225496E-4
3.5424449310833447E-4
3.5294671288961396E-4
2.6327546591779424E-4
3.891182242674426E-4
2.9198630318795954E-4
2.758655280943962E-4
3.2344255378990294E-4
3.5146365084819895E-4
2.849342663273961E-4
3.223726627981947E-4
3.270485503573005E-4
3.234903782349038E-4
3.3896701772088034E-4
3.081288695253382E-4
3.2854869091599376E-4
3.5297439759036144E-4
3.7255887296608846E-4
3.089835160886998E-4
2.512728955894994E-4
3.2585351403391843E-4
2.943076591773742E-4
2.612807984741201E-4
3.595476237170687E-4
2.3263786854736017E-4
3.4214287886621454E-4
2.9839718085711037E-4
3.1488399387407507E-4
2.940965497453554E-4
3.432045499117474E-4
2.866698518872432E-4
3.276344790611783E-4
2.6996746891999514E-4
3.1947885985007866E-4
3.0213261411032996E-4
3.4327500319325586E-4
2.895879952612874E-4
3.082481469268377E-4
2.589197866500958E-4
2.725612581427676E-4
2.630372029028516E-4
2.296683106082584E-4
3.399205821912517E-4
3.4432566947865966E-4
3.2186329588014984E-4
2.647442163571196E-4
2.9317915291679166E-4
3.2873579646966336E-4
3.39721119844346E-4
2.609219241319328E-4
2.5540724012313316E-4
4.1632818846466286E-4
3.3248455163241805E-4
3.4936162103792163E-4
2.989962269523742E-4
7.908672030809436E-4
7.81042275990428E-4
8.528123425204482E-4
7.746316379338762E-4
8.893280632411067E-4
0.0011045840236983482
6.047538914598233E-4
7.328406149624225E-4
7.690425420351664E-4
7.750335847886742E-4
7.080520335913058E-4
7.348378457820308E-4
8.918876997052891E-4
6.477446708279355E-4
9.094951291483083E-4
0.0010501324079992694
8.535660091047041E-4
9.816617235473494E-4
9.273309728544933E-4
8.288949243412931E-4
7.816385987351667E-4
7.782101167315176E-4
9.400032695765897E-4
8.687615526802218E-4
8.366200549778894E-4
7.455268389662028E-4
0.001413108839446783
7.966011683483803E-4
7.013905830690412E-4
7.615202068501398E-4
7.240745973438825E-4
7.820559752404406E-4
7.152393667747473E-4
6.5951196114875E-4
6.769767721747503E-4
7.043606326439137E-4
7.257128112501612E-4
0.0013660390805963056
8.008914269795946E-4
7.82633768587552E-4
9.856969086867162E-4
9.400905905478166E-4
9.752637645181311E-4
9.553586937641132E-4
7.971717731873007E-4
0.0010211619519402077
8.909893856047105E-4
5.227709290733582E-4
8.139314783267083E-4
0.001077046388137461
8.063102541630148E-4
4.930634931307291E-4
5.643192734717447E-4
8.179033829876098E-4
0.0013589313595096283
0.0012696660226331768
6.128285441917473E-4
8.545738277476406E-4
5.24551572375323E-4
8.300007545461406E-4
