7.191442183801276E-4
6.434833900849934E-4
8.255082034877721E-4
8.065069668474157E-4
8.412687048041813E-4
8.076977103525776E-4
4.2330901558137443E-4
7.864054432933292E-4
8.232809535741131E-4
5.348102018017161E-4
5.300727966640752E-4
4.5331790123456794E-4
6.918606438916393E-4
6.967374511526461E-4
5.363680884307734E-4
7.145680664092195E-4
4.7767140272780866E-4
8.082713097363014E-4
4.470880957934842E-4
5.11447723513537E-4
7.221954742416948E-4
5.591135508793331E-4
6.690940777393956E-4
4.921259842519684E-4
4.698966227429965E-4
7.704676403591049E-4
7.643270669355364E-4
5.947560234865357E-4
8.067226890756303E-4
8.574091332712022E-4
6.445078722032962E-4
7.430860687516154E-4
5.194403306735041E-4
7.876772273761596E-4
7.348309888725593E-4
6.283336591359714E-4
7.123183588185014E-4
5.18827680033205E-4
7.725056650415437E-4
6.834420627524077E-4
8.453706766640938E-4
6.536504959217893E-4
7.980292148086465E-4
5.091885386288941E-4
7.269085387523018E-4
4.830493588617601E-4
7.700878227814917E-4
5.693773981928456E-4
8.636573007830494E-4
6.453463358669152E-4
6.578535179500032E-4
7.114399544678429E-4
2.601159736584994E-4
4.920432998103833E-4
5.205504254933913E-4
8.252640845070422E-4
7.047648230427455E-4
4.637809187279152E-4
8.368045224635525E-4
4.0582918280760013E-4
3.2617636214085145E-4
3.3037497559730295E-4
3.479831783450809E-4
3.0929598968135934E-4
3.268577600295593E-4
1.7902334627183884E-4
2.6718363593433497E-4
3.0869278893645046E-4
3.8967859986784807E-4
3.165534280420012E-4
3.035152585398157E-4
3.1079923750587066E-4
2.2974421810384438E-4
3.3955356088342974E-4
2.690144289557349E-4
3.133813851457224E-4
2.869118307469687E-4
3.4968838879132153E-4
2.753762407941082E-4
2.83839624011512E-4
2.988419872992155E-4
2.93021578409569E-4
3.23668443079517E-4
3.044333998838905E-4
3.1502016129032257E-4
3.2172271791352093E-4
3.2102968404706445E-4
2.446907791409646E-4
2.8920394931532646E-4
2.980343281357953E-4
2.66483400889213E-4
3.3916189327705756E-4
2.9077189299594336E-4
2.545436033192486E-4
3.168339646010053E-4
3.1595798460933554E-4
2.430133657351154E-4
2.7121270825261525E-4
2.5466893039049235E-4
3.4081503481182146E-4
3.1594215386382895E-4
2.959434098455319E-4
3.0759766225776686E-4
2.8887958054684906E-4
3.229210969865948E-4
2.6958785934089055E-4
3.150552445707922E-4
3.035194459390478E-4
2.7795733678086617E-4
2.711607033908646E-4
3.098613370516694E-4
2.810972884923094E-4
2.3977486402241262E-4
3.5969458659647173E-4
3.015888247631843E-4
2.768915909227713E-4
3.0344409042633893E-4
2.894470246161538E-4
2.965216718665394E-4
3.041694613860768E-4
3.633270120340995E-4
3.9712520098409554E-4
3.2902116204292235E-4
3.1461616827470486E-4
7.789480814170081E-4
0.0011440533567012318
0.0012010044764712306
6.489382266037058E-4
6.718222806127019E-4
6.679621083313092E-4
4.884679097821008E-4
9.997273470871582E-4
7.534154835253147E-4
6.997331250406821E-4
6.658577727797343E-4
0.0015040544075333507
6.189685732774387E-4
0.001209612386430837
6.278320685701806E-4
6.422149279292136E-4
7.732297973150829E-4
0.0010958904109589042
6.637480581838724E-4
0.0010245901639344265
9.452936444086887E-4
0.0010765918179021841
9.076200623495521E-4
0.0010966447337719912
0.0011348897535667965
5.73482183820156E-4
8.249376908765403E-4
0.0014213197969543147
9.523020867837032E-4
0.0011200833550403752
0.0011885435992578849
5.497861942577886E-4
6.541405706332637E-4
5.268950659204271E-4
9.433153245862277E-4
7.02067909114118E-4
9.454973315964198E-4
7.804546996946046E-4
7.182821714804174E-4
0.001039924040330967
6.759040216289287E-4
0.0010761629897764516
6.267713102245476E-4
0.0010069414688490873
0.0013973268529769137
5.712008501594049E-4
0.0011888678735476898
8.437659432518347E-4
6.685852155460597E-4
4.3939363678124194E-4
4.520035319345751E-4
6.342951226753758E-4
0.0011354034643008028
9.177536514879326E-4
8.433599460249635E-4
7.832987092599529E-4
0.0011883848300093002
5.759397651289543E-4
6.186726659167604E-4
6.489866957727367E-4
