5.833313078774031E-4
5.706676811869887E-4
5.092297899427117E-4
5.537631819713969E-4
5.401596993893846E-4
5.588452117666643E-4
5.480496580646698E-4
6.605407627044007E-4
5.432897930875044E-4
5.093839849675126E-4
8.77422245454206E-4
6.133088009812941E-4
8.771275007464916E-4
5.550996765941015E-4
5.879432438788576E-4
6.665086794241364E-4
5.709733103173549E-4
9.200892682353863E-4
6.962734235461507E-4
5.312895641164768E-4
5.909583374372107E-4
8.131518472688703E-4
8.010635396782112E-4
5.544573549973482E-4
6.69244497323022E-4
5.611136314796686E-4
5.381884804763541E-4
5.360014293371449E-4
4.79336431652877E-4
5.743395095640013E-4
7.699616657383441E-4
5.729564553093965E-4
6.991485923808341E-4
5.253856808520802E-4
5.355357737896892E-4
5.108295872496935E-4
5.240970718924462E-4
5.480627174379259E-4
5.231077147016012E-4
3.962464653014175E-4
5.901300745039218E-4
5.19342627642877E-4
4.737091425864519E-4
5.33124822291726E-4
5.738581526984376E-4
5.831989080531083E-4
4.939735230191663E-4
4.5548402769342885E-4
4.8354785972506856E-4
3.8591867469879517E-4
5.968169761273209E-4
7.000243486729973E-4
5.510301868711068E-4
4.8334085196880834E-4
3.804141079289169E-4
5.368647100930566E-4
4.741992499030048E-4
4.2208152837942906E-4
5.175983436853002E-4
5.20526863712488E-4
3.1032016946179686E-4
2.711897835412455E-4
2.753045923149016E-4
3.443021654408533E-4
3.329810490350788E-4
1.9118298819010543E-4
3.11729148030685E-4
2.3497048541463693E-4
2.844324925336471E-4
3.245722858544185E-4
2.331694081736476E-4
3.210048848569435E-4
4.0762073548958794E-4
3.0443665687959195E-4
3.4196462654281713E-4
3.459984872624278E-4
2.542620679133984E-4
2.484772802568873E-4
3.0262935645515457E-4
3.335298315286525E-4
3.2648441581055194E-4
3.189498752551599E-4
2.8584723791796846E-4
3.3336434396998173E-4
3.456931146949634E-4
3.367570298029972E-4
2.53668175324762E-4
3.1298187758591734E-4
3.235984143677696E-4
2.878413209299891E-4
3.2178713423529077E-4
2.3670408252251802E-4
3.2860250050855154E-4
2.515433230969175E-4
3.0964428668529565E-4
2.738225629791895E-4
3.1891915399446245E-4
3.107959200971944E-4
2.7259469258133546E-4
2.528148778472505E-4
2.911476899916206E-4
3.0489966673757354E-4
2.923354948442649E-4
2.442417356030116E-4
3.465338555517947E-4
2.806544862619629E-4
2.758849008193782E-4
2.6559520566603106E-4
2.716497719571651E-4
3.0607843955646457E-4
3.3777040824159796E-4
3.244598480937984E-4
3.337783711615487E-4
2.3117686808692248E-4
3.606089587808281E-4
2.9751037905526934E-4
3.1760787047796106E-4
2.6281208935611036E-4
2.456197805796627E-4
3.0532759416749823E-4
3.4151867524072896E-4
3.233081520967716E-4
4.6402733542848706E-4
3.1111572023289236E-4
8.973508641878975E-4
5.461813787012503E-4
6.522770398481974E-4
9.752251317591403E-4
7.39669285643841E-4
6.493698161102749E-4
0.0012531328320802004
6.773700746548295E-4
7.553648068669528E-4
8.54052002277472E-4
7.568557045798571E-4
0.0010313531353135315
6.088360642719114E-4
8.092400500257487E-4
5.712399715649436E-4
8.486402896692188E-4
5.79009641769252E-4
8.327722456500939E-4
5.229752537618561E-4
7.336267840469522E-4
8.569136522753793E-4
6.338857194602916E-4
7.134658932282781E-4
7.53012048192771E-4
6.178833083237709E-4
0.0010697475395806588
7.627888860036354E-4
5.983928876731066E-4
4.931706584900401E-4
6.454518162713899E-4
5.159439257040746E-4
9.039048690342279E-4
9.870217144777186E-4
0.0017589118198874296
6.43293663557414E-4
7.876552934015969E-4
7.015189410114073E-4
6.690454950936663E-4
4.4580009385265134E-4
7.369196757553427E-4
7.413897688211903E-4
5.859947260474656E-4
5.078944462846417E-4
6.990510753487819E-4
6.314517900285526E-4
6.606034535734038E-4
5.948035796360885E-4
5.612844276204151E-4
9.0901904987748E-4
8.820817128423079E-4
7.185108445008856E-4
9.679545267320208E-4
6.050713421326654E-4
6.629050658280146E-4
7.142422953011976E-4
7.1875E-4
5.594370819761804E-4
5.497263318912976E-4
5.688755688755689E-4
8.119579258165714E-4
