4.1169911656231234E-4
4.4341801385681294E-4
4.1087447784701774E-4
4.3295747604615696E-4
4.0265401516079895E-4
4.4021504973493436E-4
4.3257476020312205E-4
4.890134967725109E-4
4.305054316961914E-4
4.584819154355578E-4
5.187981544031614E-4
4.6006817373847223E-4
5.123174187922389E-4
4.369549936356555E-4
4.5407761700066594E-4
4.922767251564346E-4
4.320565893653792E-4
5.361869124760427E-4
5.034365013352011E-4
4.4923629829290204E-4
4.631863360030879E-4
4.8561113105166474E-4
4.820908382226234E-4
4.6592658617616075E-4
4.1064532475929195E-4
4.358389436005861E-4
4.0432823751395894E-4
4.099164126967153E-4
4.4501199597554367E-4
4.626773596545342E-4
4.7379987499747986E-4
3.926153416625951E-4
4.389387436597737E-4
4.239363906997777E-4
3.907637655417407E-4
4.227972264501945E-4
4.1079383626670563E-4
4.215851602023608E-4
3.833077794813679E-4
3.7814672092772E-4
4.1688568269561903E-4
3.7946736580654063E-4
4.1990929959128824E-4
6.874570339353792E-4
4.5632840110295547E-4
4.0660691051033683E-4
3.67436923328162E-4
3.7706713590576914E-4
3.9566887340526137E-4
4.593524151729207E-4
4.428697962798937E-4
4.1668931282497234E-4
4.3866489900959215E-4
2.8672464876230524E-4
4.237687164516433E-4
5.195173211797767E-4
3.3665260994365494E-4
4.11537687706912E-4
4.198612632347572E-4
4.3907374529904736E-4
2.519415933662683E-4
2.3665838362323986E-4
2.4310260999100002E-4
2.7062196989762426E-4
2.735164704483291E-4
1.9815178426674834E-4
2.698580312096679E-4
2.317877050755854E-4
2.3064423127326102E-4
2.5755494505494506E-4
1.9948737788954443E-4
2.564445633752564E-4
3.009722712937882E-4
2.611966288221773E-4
2.68344129504125E-4
2.647229028405383E-4
2.0820320632937748E-4
2.0831775401412286E-4
2.553565490047033E-4
2.770297259338479E-4
2.72225717466002E-4
2.656999126142509E-4
2.3055558534309888E-4
2.2377651491496493E-4
2.787610045768667E-4
2.930645633975102E-4
2.8469014066281043E-4
2.658495291664918E-4
2.666423870346765E-4
2.482436759923541E-4
2.3288062750743632E-4
2.7482594356907294E-4
2.208670918807102E-4
2.545763122802764E-4
2.368171771392485E-4
2.598192671829254E-4
2.960411228032403E-4
2.627618660869981E-4
2.860739215013159E-4
2.2641426078505E-4
2.466726598986998E-4
2.3177198159391287E-4
2.5078443036941127E-4
2.017685451610639E-4
3.043929436181252E-4
2.6503618052045705E-4
2.419017878741231E-4
2.9965240321227376E-4
2.64497784831052E-4
2.786032689450223E-4
3.259452411994785E-4
2.6424521956375517E-4
2.64515275757175E-4
2.7863620244186635E-4
2.3776072625094567E-4
2.775799852761921E-4
2.466076412279858E-4
2.878410581840576E-4
2.2442943133034858E-4
2.0907150245383921E-4
2.6554404145077715E-4
3.081409331409331E-4
3.8415198449422903E-4
3.817210164685353E-4
6.000991468155608E-4
5.005644663130765E-4
4.984818960438664E-4
5.683742079040293E-4
4.643291990837237E-4
4.1935114940337773E-4
6.238472387978734E-4
5.11147362697118E-4
5.444601182963348E-4
6.198517865505937E-4
6.086685728845227E-4
6.278076955272189E-4
5.293562567608E-4
8.154490529671226E-4
4.7134238310708894E-4
5.620503597122302E-4
5.72416816875335E-4
3.9819255206800433E-4
4.470636049583418E-4
5.330748727889508E-4
5.107918360249527E-4
4.7369845709645405E-4
5.305529284214896E-4
5.541015302633751E-4
4.702404944242913E-4
5.609433821146319E-4
4.811038774925275E-4
4.882358411606064E-4
4.466019417475728E-4
4.850426386319541E-4
4.596824827338774E-4
5.175388154111558E-4
5.723610502216377E-4
6.486579986738548E-4
5.894962486602359E-4
6.095027012051531E-4
4.525421060916103E-4
5.009796936230852E-4
3.5315985130111524E-4
5.367686527106817E-4
5.285666234203067E-4
4.63138394172877E-4
3.632171564834262E-4
5.057352529752297E-4
5.145759223214086E-4
0.001071731219779672
4.828373277148627E-4
4.0921202893033875E-4
5.982572506177656E-4
0.0011398963730569949
4.5035609551738584E-4
5.420241719715841E-4
4.927124392703272E-4
4.6132705143305853E-4
4.596506654942243E-4
5.191508998615597E-4
4.7433438511827427E-4
4.805172112528395E-4
5.909847955729866E-4
6.237795617270557E-4
