4.34263380740419E-4
4.304469474137312E-4
3.945421666940654E-4
4.164101821341927E-4
4.0562227748090925E-4
4.2151710283223616E-4
4.131711786156969E-4
4.710759374411155E-4
4.1260644368360986E-4
3.887957699020234E-4
5.349175999271602E-4
4.438078715377943E-4
5.491552356693852E-4
4.1716545144556896E-4
4.329504127460602E-4
4.7410341775886046E-4
4.186544640249245E-4
6.088240627995544E-4
4.921575760169473E-4
4.056480011047435E-4
4.418912947414936E-4
5.193514880549157E-4
5.382994319223016E-4
4.1680258055162915E-4
4.1961288479394333E-4
4.096574566373224E-4
3.9713307740312794E-4
3.7287421169528064E-4
4.279388233542961E-4
4.414280196435469E-4
5.051373543699755E-4
4.2140355477309757E-4
4.669696781022352E-4
3.8963737748069126E-4
3.9287818990303057E-4
4.038482248626916E-4
3.945707070707071E-4
3.994095684640097E-4
4.1006257911533456E-4
3.6187554927538727E-4
3.9883470902406877E-4
3.935561735845096E-4
4.024756725815684E-4
4.162330905306972E-4
4.352254838410964E-4
3.7975324478050265E-4
3.675891403665389E-4
3.211655961146796E-4
4.7487302308295824E-4
4.377431906614786E-4
4.1172153303617773E-4
3.7343778526497485E-4
4.0460348858119044E-4
3.660931207774487E-4
3.235970365324023E-4
3.9356305754766486E-4
3.9733268838752024E-4
4.041113941843099E-4
2.963192001958283E-4
5.052169137836353E-4
2.6065276518585673E-4
2.362212639345416E-4
2.7645559882686667E-4
2.852738021535137E-4
1.7084326683388602E-4
2.629112274525045E-4
2.696386841632213E-4
1.9534949801098693E-4
2.681496508225199E-4
3.0884920102054514E-4
2.5559468363058047E-4
2.807814867053231E-4
2.8096862299238114E-4
2.1555905240240562E-4
2.1058087925616352E-4
2.524451959092136E-4
2.7506972697730357E-4
2.723443400794035E-4
2.657469852480896E-4
2.4065907004857957E-4
2.749571578381973E-4
2.8666508793139976E-4
2.783788229637222E-4
2.1444453222875585E-4
2.588416520410611E-4
2.5966269815509653E-4
2.6906794862595964E-4
2.3059358162450362E-4
2.007226013649137E-4
2.691272587466359E-4
2.5655465865715533E-4
2.3232144437560845E-4
2.6607646069929736E-4
2.603981724782804E-4
2.2970287932559235E-4
2.1531351748765883E-4
2.425059739276504E-4
2.554664003622978E-4
2.540230156667218E-4
2.518698599384561E-4
2.473132784747516E-4
2.7548562349443903E-4
2.2323172569285548E-4
2.32034712392974E-4
2.2382920110192836E-4
2.1735151459687012E-4
2.5707842060366685E-4
2.7758150802462904E-4
2.699220906692841E-4
2.498012944248893E-4
2.882855782005966E-4
2.6058880357960034E-4
2.752387536165092E-4
2.1986160290680184E-4
2.094724516870589E-4
1.9768808981282057E-4
2.695552964481388E-4
2.535841961380982E-4
3.0980213970011153E-4
2.2977221218419377E-4
2.764703502407315E-4
2.658643184146705E-4
3.6000065454664466E-4
2.5234015452830415E-4
5.847804530777249E-4
4.14272115079505E-4
4.63861010373619E-4
6.217424663333069E-4
5.051412150330025E-4
4.583142369067956E-4
6.478325775286594E-4
5.137186223000584E-4
5.618678986140592E-4
5.106039375875745E-4
6.335172879828809E-4
4.4680148415797346E-4
5.380814948882258E-4
4.2047429500476535E-4
4.271440775545072E-4
5.38483630097645E-4
5.550044872703226E-4
3.915287417689981E-4
5.656244734878571E-4
5.035707745834096E-4
4.4844006918789644E-4
5.006857217493524E-4
5.232920637748286E-4
4.40371589741439E-4
6.07549819085165E-4
5.230241926509536E-4
4.303807845226873E-4
3.372009257698144E-4
4.573495001063603E-4
3.836580390395448E-4
5.767012687427913E-4
6.265163027540057E-4
7.300691132093838E-4
4.5929977661329053E-4
5.284523552160649E-4
4.903110277345499E-4
4.753855905345447E-4
5.121239785353253E-4
5.072163046986675E-4
4.8560742256111423E-4
4.2581194596059307E-4
4.922496857980729E-4
4.5886202218498127E-4
4.29836662068414E-4
4.30444140090002E-4
4.100862134737163E-4
5.822784810126582E-4
9.654676905114733E-4
5.18696656764276E-4
5.834305717619604E-4
4.3669896207828077E-4
4.66043829796458E-4
4.997341839447103E-4
4.986666088502481E-4
4.1729260557502924E-4
4.141234087758152E-4
3.9372347168071907E-4
5.337473919161532E-4
6.907595214920406E-4
6.142342101749232E-4
