8.454872120059184E-4
6.384676775738228E-4
5.373455131649651E-4
6.2862140592544E-4
7.712168460584112E-4
6.886648693001993E-4
6.564934496542467E-4
7.292789650580251E-4
6.651947463768116E-4
6.391552035570376E-4
6.637755553588813E-4
6.284389576292489E-4
7.088085572524003E-4
6.209538908706567E-4
6.41669456533869E-4
3.9555435495697137E-4
6.37944335647736E-4
5.740808598998413E-4
5.613414867188994E-4
5.415994468771606E-4
5.73680534770029E-4
5.645781280030752E-4
5.954692556634304E-4
5.831554915876719E-4
9.543147208121828E-4
6.255399005093683E-4
6.757947934418522E-4
6.202972032686965E-4
6.704285155595284E-4
6.786807601224514E-4
8.691957042416751E-4
5.421948045688949E-4
7.033667823314264E-4
6.869809477283831E-4
7.555723460521346E-4
6.818047074168494E-4
6.145358206101658E-4
7.603557142384871E-4
7.39454732510288E-4
6.639686353863665E-4
6.714977197056602E-4
5.405665137063643E-4
4.060389059097118E-4
7.129729387160149E-4
5.041824223673657E-4
6.633920505871725E-4
4.5486008108375355E-4
6.624076309359084E-4
6.16202004710522E-4
6.829046209879354E-4
2.9400375751143746E-4
6.385877277629563E-4
6.581394683377686E-4
5.830677135971391E-4
8.44346549192364E-4
4.839601769911505E-4
6.440348065033203E-4
3.955009356973356E-4
4.3244093249990176E-4
5.693395661033201E-4
3.748370273794002E-4
3.223915592028136E-4
3.2424526739886306E-4
4.017300032480298E-4
3.680294423553884E-4
1.8401880337590862E-4
2.7333867297252626E-4
2.708950372029185E-4
2.7358868277058585E-4
3.4292018905339114E-4
3.4128104494050854E-4
3.778020317353707E-4
2.732964521151489E-4
3.7706154300140983E-4
2.7511004401760706E-4
2.737271686657045E-4
3.380414174223607E-4
3.790239711604872E-4
2.938844692309795E-4
3.3387685379299636E-4
3.040668947168377E-4
2.9670881453416713E-4
3.512784903194183E-4
3.1826861871419476E-4
3.399561834252474E-4
3.398998034492441E-4
3.657287755400595E-4
3.449326980154337E-4
3.1953630080998736E-4
3.3733535734547745E-4
2.5888380204926967E-4
3.0400996559496975E-4
2.6936752505117985E-4
3.462004500605851E-4
3.5453170301273163E-4
2.3914712582914825E-4
3.503035964502569E-4
2.8403039125186397E-4
3.3311654320204313E-4
3.2523209745136307E-4
3.0378471296049314E-4
3.3924441017733236E-4
2.7831895352073476E-4
3.046288728731703E-4
3.284203780839474E-4
3.559072323660382E-4
2.0762620062107315E-4
2.983172196835126E-4
3.187499073401432E-4
2.665920209008144E-4
2.8107652308340944E-4
2.711685277634854E-4
2.3601018570275137E-4
3.5027385046490896E-4
3.571718483643153E-4
3.330608290186817E-4
3.7383812809053686E-4
3.0266343825665856E-4
3.0601582325720257E-4
2.625237281061942E-4
4.3368804078783134E-4
3.3028291551201905E-4
3.6259353264989953E-4
3.087690407575134E-4
8.563237648460478E-4
7.651981374751718E-4
8.34407949632102E-4
8.381183351760049E-4
0.001145562853215213
0.0013423637805845385
6.578759188810388E-4
7.292022217395352E-4
8.25237255711017E-4
8.393017009847806E-4
7.639826593703362E-4
7.944634723350164E-4
8.70849267350725E-4
6.947514684519675E-4
8.79043600562588E-4
8.867640821991749E-4
9.350843653894108E-4
0.0010859017605471097
7.785405902753203E-4
0.0013111644255983932
8.203139565233603E-4
7.621397982144154E-4
0.001066493554669387
8.92280821657744E-4
8.180755746007013E-4
8.069722401549387E-4
0.0011775906995389858
7.782101167315176E-4
7.464759391708909E-4
7.084845343010194E-4
9.407534389764603E-4
8.468163309430292E-4
7.272609735600233E-4
6.695069993913574E-4
7.583330460859674E-4
7.219869079707355E-4
0.0012956286615592608
6.297437937091909E-4
8.143322475570032E-4
0.0010754265043750307
9.26276788345754E-4
7.166895176367942E-4
0.0012321082158024434
8.695323428225775E-4
5.526424018095826E-4
9.484802759215349E-4
8.426415833823241E-4
8.769588591909101E-4
5.295080388947723E-4
6.005418843049076E-4
8.890065824317167E-4
7.565095003518648E-4
7.967684553809664E-4
0.001103027458343112
0.0016068184993712448
6.026032460228185E-4
8.352398590986672E-4
5.561886157686254E-4
9.404120714713174E-4
7.438715131022823E-4
