2.654925993937919E-4
2.2498031422250552E-4
2.4226273393495245E-4
2.4275856369571506E-4
2.4581589958158997E-4
2.3454070810899005E-4
2.5644383334424585E-4
2.4585783003741314E-4
2.3599183263048806E-4
2.4052080772232138E-4
2.3955793575588516E-4
2.3002606962122373E-4
2.5044917515108615E-4
2.4085282844995496E-4
2.294675376668522E-4
2.666787712350064E-4
2.46510338027301E-4
2.5665632602048786E-4
2.488352393053791E-4
2.2976793438626985E-4
2.1982316447657663E-4
2.4184062702678938E-4
2.246275362016006E-4
2.6078657670454544E-4
2.695603298959612E-4
2.3090376717039716E-4
2.463661000246366E-4
2.1970434073004616E-4
2.4098405314222247E-4
2.321098787982763E-4
2.6138411229506374E-4
2.293835190490269E-4
2.2715226773680625E-4
2.5440976933514245E-4
2.5103202052884077E-4
2.200919495255796E-4
2.4141601466053618E-4
2.3903874552466347E-4
2.417439196148914E-4
2.5956145399555356E-4
2.4958492941087103E-4
1.967201387771161E-4
2.404616864379609E-4
2.1319482130397705E-4
2.4118395664846667E-4
2.3591087811271298E-4
2.419719097498548E-4
2.263833640567899E-4
2.3137198445180265E-4
2.499022121778434E-4
2.576973065029355E-4
2.2492802303262954E-4
2.289926504263625E-4
2.3337343899099695E-4
1.9775458655808145E-4
2.0046423296054018E-4
2.4929090586775396E-4
2.4262371172083502E-4
2.29680743766165E-4
2.590294279954501E-4
1.8642803877703205E-4
1.7640644043877092E-4
1.8304033897512988E-4
2.1295104844409809E-4
1.8659289486707285E-4
1.2227113067449203E-4
1.5172934445521763E-4
1.7892288423689386E-4
1.8306788490022802E-4
1.8817271746493714E-4
1.360387174434615E-4
1.8707095682727657E-4
1.977865109599525E-4
1.8537590113285274E-4
1.6832776155393926E-4
1.8419203947706595E-4
1.645941519697805E-4
1.594114040465972E-4
1.7757643679068078E-4
1.74488909809523E-4
1.6593987573804654E-4
1.7723094373508306E-4
1.8213756648021177E-4
1.7978392480850922E-4
1.6937802812463072E-4
1.819721028854446E-4
1.7852940460443567E-4
1.4032081770110188E-4
1.854091092301491E-4
1.5836964247087544E-4
1.5932192588344007E-4
1.833043101508928E-4
1.811127567776418E-4
1.76041219407471E-4
1.8957196230677482E-4
1.943922465263957E-4
1.583084930575934E-4
1.7040890021341687E-4
1.6967976800148085E-4
1.7513413682752475E-4
1.493964383889088E-4
1.6176760702308146E-4
1.7173062585341744E-4
1.7562346329469617E-4
1.4463225676627427E-4
1.620518713308142E-4
1.772289633342126E-4
1.4595024556128815E-4
1.501873587300157E-4
1.4560605721198003E-4
1.4095164616685708E-4
1.7625380547989106E-4
1.8875533019313106E-4
1.7347147971172194E-4
1.92843743973633E-4
1.8691588785046728E-4
1.8377903484629796E-4
1.663198446650009E-4
1.4369827783140875E-4
1.6274508124405765E-4
1.8758979145505622E-4
1.6572084525715022E-4
1.959631589261219E-4
2.588020839193887E-4
2.5506604582505726E-4
2.504496710002049E-4
2.7359303327356975E-4
2.755563175878412E-4
2.946139218469615E-4
2.481081751643717E-4
2.7641240731170907E-4
2.493659737475992E-4
2.5332132402612026E-4
2.384808217050824E-4
2.5960240449515986E-4
2.6186057632097276E-4
2.3902391325604896E-4
2.548307037759262E-4
2.597612505483849E-4
3.087082572747772E-4
2.7316765209367826E-4
2.851630283100147E-4
2.3587554756823544E-4
2.5689230374011844E-4
3.3807598797312656E-4
2.4766128941473137E-4
2.751920361817703E-4
2.6599056016480096E-4
2.409749156587795E-4
2.805031603356064E-4
2.9124890007064337E-4
2.375377515355119E-4
2.510286718400402E-4
2.381532599304371E-4
2.2687782905585617E-4
3.1578504161345103E-4
2.7451346868210175E-4
2.8379707878206905E-4
2.318913905051016E-4
2.4169715346670625E-4
2.923604931994407E-4
2.4147849231561774E-4
2.173216818410578E-4
2.7477674389558485E-4
2.591070229780819E-4
2.885568394243918E-4
2.898193253992724E-4
2.617830842600075E-4
2.6003806011607155E-4
2.6231668334106045E-4
2.722473426291991E-4
2.4499977727292975E-4
2.541521366511023E-4
2.8854536301462376E-4
2.4304770517748133E-4
2.9034569670612076E-4
2.9641849135875653E-4
2.2839393385711677E-4
2.585460717858789E-4
2.991325157044571E-4
2.650474675919233E-4
2.609869846925459E-4
2.4076343897741202E-4
