5.439956480348157E-4
5.614035087719298E-4
4.707636178184029E-4
5.456313904111213E-4
5.256421976414662E-4
5.74965746721472E-4
5.630079310682463E-4
4.229959392389833E-4
5.585131666508223E-4
5.139567819452693E-4
4.391831193979199E-4
4.075262290817654E-4
5.517572268201991E-4
4.87034070738993E-4
5.629706082428279E-4
4.260072705240836E-4
4.768558564552975E-4
5.172337896729323E-4
4.5116422377745495E-4
3.7625886609987674E-4
4.199916001679966E-4
5.046058706061712E-4
3.83896381359327E-4
3.979543453227664E-4
5.283833765995084E-4
5.290052450307273E-4
5.622188905547226E-4
4.886874064215605E-4
5.984907624251887E-4
4.613255420575119E-4
5.153599677339846E-4
4.3162032105205155E-4
5.317514711790703E-4
5.226090635343304E-4
4.79192401073391E-4
4.97083775185578E-4
5.524048022390808E-4
5.124024688482591E-4
4.279844784295823E-4
5.729231535683148E-4
5.17470245460886E-4
5.689407806856973E-4
4.6820464799523284E-4
5.286902580008459E-4
3.830617077587408E-4
5.408017673862016E-4
5.206329085270616E-4
5.974984730594577E-4
6.57126168224299E-4
4.8245916327796544E-4
4.510947298932776E-4
4.966558506059202E-4
4.1996092537476947E-4
5.425608873884736E-4
5.305978068623983E-4
5.19891500904159E-4
5.536962299438922E-4
3.3283911767375716E-4
4.1808995160831197E-4
4.902087257153177E-4
2.821047467189991E-4
3.3350513901100567E-4
3.145917001338688E-4
2.6973049905881276E-4
2.805836139169472E-4
1.632325990339598E-4
2.9029339886313003E-4
2.934655014999348E-4
3.160599689436726E-4
2.9842924315432427E-4
3.0448562689438505E-4
2.754180233554484E-4
2.046714712777702E-4
2.9751510212529264E-4
2.918778358585189E-4
2.973615916955018E-4
2.59499954869573E-4
2.962553325959867E-4
2.3579991006701103E-4
2.552989372439589E-4
2.7437100447224737E-4
2.6136957658128593E-4
3.2283984274112553E-4
2.755315195242916E-4
2.6114417587756587E-4
2.6889430661121465E-4
2.788760674756138E-4
2.880917605756475E-4
2.3459322625698324E-4
2.494083801215721E-4
2.596053997923157E-4
2.3612163992692655E-4
2.477371327750184E-4
2.1815960556743314E-4
3.153217715350437E-4
2.716833500368282E-4
2.576606922902893E-4
2.109400153209064E-4
2.5901143967191884E-4
2.6986911347996224E-4
2.90207567507808E-4
2.3708721422523285E-4
2.4886493310996186E-4
2.646680220877495E-4
2.4654528420507633E-4
2.7617610605162467E-4
2.3893887826938315E-4
2.721966905946548E-4
2.607531023692975E-4
2.1469896944494664E-4
2.4635904252271655E-4
2.336612379372386E-4
2.616670809728782E-4
2.3997341832904663E-4
2.0849564902500852E-4
2.968920797290185E-4
2.7022047534238167E-4
2.615871204014173E-4
2.6519443573856655E-4
2.628962017213986E-4
3.03978410118774E-4
3.3647927780057447E-4
2.793544372912778E-4
2.887510828165606E-4
5.395134995660434E-4
9.301773274224193E-4
6.86084949791056E-4
5.004472081434474E-4
5.202913631633715E-4
5.653782894736842E-4
6.096928185969282E-4
6.165400891180675E-4
6.425657931496898E-4
5.341246290801187E-4
5.045290280189609E-4
8.545103284291871E-4
4.7979528734406655E-4
4.638316712698446E-4
7.440230151119342E-4
5.479974267946914E-4
5.127387083542227E-4
5.610734409320983E-4
7.189307538969315E-4
5.048335123523093E-4
6.259068536800478E-4
6.315029770854634E-4
6.157140944987283E-4
6.837955014985306E-4
6.684279211891652E-4
6.586138280877779E-4
4.7167833633809903E-4
7.154050555290591E-4
4.5719389274018624E-4
0.0013450292397660817
6.540520807982478E-4
8.363250652741514E-4
4.5543792887071634E-4
5.035354617527319E-4
4.3961626384791226E-4
6.36610914983506E-4
5.089764945400704E-4
6.003041541047464E-4
6.564676332914716E-4
6.49550442719907E-4
5.320821341330689E-4
7.05399512633064E-4
4.340978840251978E-4
7.09898453655977E-4
6.725238245142088E-4
7.648310720936419E-4
7.521367521367522E-4
3.5403356881929805E-4
6.571105473883675E-4
5.094582022770566E-4
5.080641674233581E-4
6.578142210255782E-4
6.584292959009274E-4
6.807866868381241E-4
4.317425550735015E-4
7.420791120862102E-4
6.333645426006498E-4
7.911107914703873E-4
5.608798497817446E-4
4.680552305172011E-4
