8.488964346349745E-4
0.001013727560718057
7.522096157462547E-4
9.966201577259726E-4
8.240773916159082E-4
0.0010537171554120708
6.09442292586473E-4
9.517110108826086E-4
9.997447460222922E-4
0.0010172490048651038
6.145190364341508E-4
8.295542528481362E-4
6.30607389572047E-4
5.250927291415293E-4
4.4958007308067567E-4
9.974647770250613E-4
5.054988410514375E-4
6.174662407044483E-4
8.112901399947172E-4
8.546697701483852E-4
4.7184017668908747E-4
5.295297325311522E-4
5.02941112155868E-4
5.828951284849688E-4
9.405414247157928E-4
9.270948398295724E-4
6.869738072965388E-4
9.124449557662554E-4
7.791918667210864E-4
9.000547859434921E-4
9.951073886723609E-4
5.762628739578225E-4
7.355344883949003E-4
8.591393333078774E-4
5.783169691050224E-4
9.32062966031483E-4
8.121377680977518E-4
9.682416731216111E-4
0.0010660486674391656
7.427740997900856E-4
9.649674847912733E-4
8.901322482197356E-4
8.550581439537888E-4
5.225156754702642E-4
8.701369015391754E-4
5.238843644330143E-4
9.443819321652468E-4
5.853459903799658E-4
0.0010715816545220746
6.374660018132367E-4
7.796257796257797E-4
8.578618270550556E-4
2.753230008864057E-4
5.79009641769252E-4
9.664948453608248E-4
8.389261744966443E-4
4.5940801995143397E-4
0.0010435508557117017
5.054116022780503E-4
4.417315878242712E-4
3.4963440402535607E-4
3.2825042523350545E-4
3.503436349270242E-4
3.517841574769428E-4
3.3210853589598645E-4
1.856806461686487E-4
2.6576019777503087E-4
3.2203336579848563E-4
3.134315883319867E-4
4.2833730631704404E-4
3.222876563827606E-4
3.337882743887966E-4
2.4688402435922373E-4
3.6438529784537385E-4
2.676040919098418E-4
3.183791606367583E-4
3.037466488820802E-4
3.769412474242348E-4
2.967850585977941E-4
3.015258611017615E-4
3.0088761847449976E-4
3.1649164948955574E-4
3.4777263757238523E-4
3.380822090134289E-4
3.419868677042802E-4
3.462976928878149E-4
3.3643689852124245E-4
2.477986261583145E-4
3.129093290641828E-4
3.2265160959155245E-4
2.7731558513588466E-4
3.202474497367722E-4
2.7419797093501506E-4
3.266712202654946E-4
3.39745719203938E-4
2.5293874888507263E-4
2.666133439978671E-4
2.9081441885585297E-4
3.6588553009844066E-4
3.425457376411055E-4
3.22134573682391E-4
3.3388981636060105E-4
3.009872381411028E-4
3.433720813373086E-4
2.8850484125197024E-4
3.370909832081654E-4
3.1693438017719517E-4
2.9496906254716077E-4
2.829294515412582E-4
3.1575125116433273E-4
2.9285435376805933E-4
2.4943221351397474E-4
3.9617510939835406E-4
3.2114912997781157E-4
3.2900148050666234E-4
3.0937113286083926E-4
3.1461596334040075E-4
3.0604546554497444E-4
2.644649422692382E-4
2.490398857037998E-4
3.965797415460806E-4
4.0887966970500826E-4
3.663674665689687E-4
3.297738693467337E-4
9.625444653693241E-4
0.0012089099233499666
0.0016934801016088063
7.65846504806909E-4
7.89335204350114E-4
7.678347061287171E-4
5.558778035576179E-4
0.0012070471005187734
0.0013246628131021196
9.619906793791953E-4
8.69635562027262E-4
7.990340566071238E-4
0.001479575426182052
0.001249791701383103
7.096137233123535E-4
7.359194086478707E-4
9.249783515704952E-4
0.0011213047910295618
7.785065924600809E-4
0.0013686699017046162
7.190482416002093E-4
0.0014810635446787501
0.0011669795524887107
0.0014876242324491993
0.001701507049100632
6.467189790463051E-4
9.806785460918916E-4
0.001751167444963309
9.356059065207663E-4
0.0015583097774878596
0.0011606182415218253
6.218905472636816E-4
7.7310260881008E-4
6.035569623648703E-4
0.001007418261745581
8.596436386370742E-4
0.001222427469303488
9.109632446134346E-4
7.637269876999758E-4
0.0013756803636581134
0.0014141292574317006
7.981714617421907E-4
0.0014051223095101234
0.001361554647852457
6.403118040089087E-4
0.0012576260301830249
0.0020642613534374438
6.218905472636816E-4
0.0015798368726577998
0.0010464323956001168
7.835655639968657E-4
4.680751473372907E-4
4.984582570189877E-4
7.21124340247944E-4
0.0016398444054610633
0.0010989524878413767
9.454515558844083E-4
8.930343322087716E-4
0.0012169956082332396
0.0010731115569448978
