6.687844841999665E-4
4.959599925606E-4
5.540549899577534E-4
5.374459633134712E-4
6.162419955523403E-4
5.443468995390423E-4
7.749535027898325E-4
5.639881317280105E-4
5.295774647887324E-4
4.952456418383518E-4
5.387047663660849E-4
7.742068680751497E-4
5.691879585125221E-4
7.458132754763035E-4
0.0010694943794657078
5.731617032455281E-4
7.293714720619013E-4
5.524719909548772E-4
5.165629877123953E-4
7.773991862119157E-4
7.385756490037086E-4
9.496284062758051E-4
7.920725336209511E-4
5.38099805816157E-4
7.443183697773661E-4
6.416557448667541E-4
5.230824021724614E-4
5.174835514156872E-4
5.402992788179191E-4
5.568063524342121E-4
0.0010405136152313484
6.615117749095934E-4
9.279881217520416E-4
6.008138296419697E-4
5.456926658905704E-4
4.966120025603108E-4
5.44133998911732E-4
6.265493475714402E-4
5.772802570152101E-4
3.956834532374101E-4
5.723825423324589E-4
4.927726675427069E-4
5.244624260133363E-4
5.51457072130585E-4
5.573288747023358E-4
5.655019732409279E-4
5.293868523834173E-4
5.096609056108003E-4
5.245017233628053E-4
3.52506233341931E-4
5.775005775005775E-4
9.229534510433386E-4
6.304306115176931E-4
4.774637127578304E-4
4.20454090417651E-4
5.115612850419481E-4
4.7096097446107084E-4
4.533848760350299E-4
6.002080721316723E-4
5.48611773685717E-4
3.3401103688643623E-4
2.8995821965653134E-4
2.933503102023493E-4
3.5166479610924056E-4
3.603772993638557E-4
1.9065446478092068E-4
3.0216243201345276E-4
2.456119331456299E-4
3.051486906347093E-4
3.5117291754459897E-4
2.5053903853745934E-4
3.4642206256683684E-4
2.474495821476374E-4
4.117289033690165E-4
3.277494537509104E-4
3.309372450628781E-4
3.9665701160452373E-4
2.7244986922406276E-4
2.663170401933871E-4
3.26782484458833E-4
3.2713053269023016E-4
3.5652601055316996E-4
3.4460049316159465E-4
3.073008976044823E-4
3.4129692832764505E-4
3.8058676550891063E-4
3.698908821897541E-4
2.5340090690850894E-4
3.0707010185739963E-4
3.407445267910384E-4
3.0907558302894074E-4
3.472704542297541E-4
2.3446080185594235E-4
2.5572177470911645E-4
3.3611831364640355E-4
3.064595697606625E-4
2.921779781283914E-4
3.185543424748777E-4
3.324417849101652E-4
2.7230149221217734E-4
4.1185423941266E-4
2.7034155347487797E-4
3.1463916259937994E-4
3.294312331453788E-4
2.3169834889741803E-4
2.920289374128891E-4
3.973607851109838E-4
2.621335045938897E-4
2.755845837983823E-4
2.653097321051987E-4
2.5340766624876626E-4
3.0533927357011005E-4
3.6742601376177434E-4
3.591484915763354E-4
3.0337295567996913E-4
3.2479878319285123E-4
3.274593721918455E-4
2.3546743304272226E-4
2.681116473344058E-4
2.453756134390336E-4
3.742993299129069E-4
3.2290583750748194E-4
4.1897579462568327E-4
3.017241379310345E-4
8.848536144346554E-4
5.987871375426795E-4
6.212407872815068E-4
0.0012514644797102994
8.939923712650984E-4
7.136369534189698E-4
9.833682500320663E-4
7.240176397024946E-4
8.150402086502934E-4
7.31790333560245E-4
9.88793671720501E-4
6.581583013792709E-4
7.99854571896019E-4
6.592247516920102E-4
6.67208168948712E-4
0.0012111751090057598
0.0010231626610936956
5.97663678348275E-4
9.040200038468937E-4
7.040225287209192E-4
6.536129498804028E-4
6.106426286711254E-4
8.462727205828242E-4
7.237672857186855E-4
6.048909756027307E-4
0.0017179506757272658
9.197291691127549E-4
5.912162162162162E-4
5.375841436050861E-4
6.219085360562321E-4
5.47104350146784E-4
9.996001599360256E-4
0.0012709572742022716
0.0012427506213753107
6.418110741583524E-4
7.875988973615437E-4
8.354825820044316E-4
6.448654380785876E-4
5.085244760859673E-4
7.083025375708303E-4
7.568925534656016E-4
8.872756604154064E-4
6.9335014182162E-4
6.814098990274423E-4
5.745977815529129E-4
8.286318758815233E-4
6.574058194706453E-4
5.720976025119076E-4
6.380958034071347E-4
6.505688695231178E-4
0.001324427041345157
7.339204697091007E-4
7.789008441111472E-4
0.0014380124831721943
8.500633025863628E-4
8.600381408218971E-4
5.583403642860688E-4
6.376136615657573E-4
5.332154190292878E-4
9.782560362844056E-4
