6272.2
9027.6
7531.0
7330.6
6414.2
6837.8
8603.6
6608.6
7078.6
7189.6
8121.6
10851.0
7210.0
8528.4
7875.8
7983.8
9587.4
10315.2
9903.2
8917.8
7455.6
8200.0
10545.8
10036.8
10073.8
7738.0
7928.4
7478.2
6603.8
7566.8
7637.4
7201.0
8943.6
7153.6
8096.6
8568.8
6584.4
6250.0
7335.6
6630.2
6251.8
6138.8
6072.0
10213.2
6848.4
10476.0
7354.2
9651.0
6590.4
6295.8
6957.8
7762.0
8951.0
7608.4
6518.8
8457.8
7000.2
9904.6
11923.8
6642.8
13625.0
12641.0
9907.8
15187.6
14388.8
16041.0
25659.6
16149.6
13427.2
13472.8
14848.8
14109.2
12931.8
16303.2
14324.6
15612.4
15780.8
13217.8
16380.6
14897.4
12056.8
12042.0
13888.0
14904.2
14812.2
14101.4
11974.8
15206.0
14976.0
16180.0
14988.0
16598.6
13084.4
14582.6
17391.4
17787.6
15477.8
12071.8
15030.4
14913.0
14701.6
15912.4
12019.0
15145.0
13762.6
16251.0
15508.6
16505.8
14974.8
15940.0
17602.6
13276.8
14337.4
14897.4
14499.0
15551.8
14718.6
15956.2
16071.0
16294.2
10806.8
12390.0
13883.8
15104.0
6964.4
6005.0
5286.2
7356.8
6634.8
5578.8
9165.2
5848.2
6863.2
7130.0
7413.2
5216.2
8082.2
4000.4
6169.4
6830.8
6218.0
3645.8
7072.8
5756.0
6540.2
5523.8
5479.8
5536.8
5147.0
7594.8
4607.0
4950.6
6044.6
5618.2
5122.6
7866.4
7299.2
8222.0
6730.2
7303.8
6327.6
4803.6
4008.0
5870.4
6255.2
3815.0
6765.8
5001.0
5094.2
9282.4
4384.6
3664.4
6994.4
10482.6
9194.6
7305.2
5409.8
4258.8
7401.6
5197.8
4378.4
8873.2
6860.0
7664.0
