6563.0
8134.2
7119.4
7015.0
6850.4
7118.4
4274.4
7101.6
7359.2
7542.4
6995.0
4213.4
6362.0
4841.0
6152.0
6830.6
4729.4
11329.0
6239.2
7554.6
6718.0
7803.2
6601.4
5905.4
7004.6
6710.6
7441.2
7736.4
6544.0
6717.4
6842.0
5480.4
6371.8
5174.4
7517.4
6709.2
7111.0
7485.2
6911.0
7373.0
4696.0
7191.0
9532.8
7149.0
6307.6
7230.8
6767.2
7818.0
11042.6
7123.2
12733.8
8188.6
4822.8
6248.2
6519.2
8018.4
9558.4
7090.2
7755.4
7711.2
13157.8
14533.8
15381.0
14405.8
11627.2
21491.2
15915.6
17541.2
13464.6
13778.4
11819.6
12847.8
12173.4
17004.0
12929.8
12938.8
12212.2
12427.6
14040.8
14030.0
12250.6
11600.6
10976.4
11915.6
13352.0
18517.8
11017.6
10719.2
13408.8
11808.0
12507.0
13595.2
11423.8
14620.2
18129.6
13662.4
13597.4
11588.4
12225.2
11324.0
13153.0
13102.4
14388.6
12548.6
11908.6
20500.4
13479.8
11456.0
13607.2
12927.4
13112.6
13988.8
13083.6
12149.4
10698.6
14179.0
11499.2
11787.8
13928.8
14211.0
10339.6
11110.0
9715.4
12332.8
3408.4
7071.8
5453.8
3027.6
4299.8
5564.8
6117.4
5646.8
4533.2
3977.2
4288.8
3244.8
6263.6
3913.8
6048.8
6253.6
2993.0
3488.0
6581.2
6291.0
4705.8
5334.0
4527.6
4949.8
5505.6
3861.6
4679.4
5727.0
8035.6
5370.2
6654.8
5478.8
2970.0
5298.0
5268.4
3999.4
5434.2
5075.0
6920.0
4950.4
3601.6
5679.8
7304.2
4883.0
5993.0
6509.4
5568.6
5988.8
2761.2
7355.4
7052.4
3949.4
5194.8
5098.2
4734.4
6472.4
6437.0
6102.0
4672.0
3495.6
