8823.6
8550.0
10196.2
8430.6
8751.2
8174.4
8170.4
10638.4
8415.2
8755.6
10018.6
11533.0
8337.0
9239.6
8526.2
10563.2
9017.4
9086.8
9087.6
12491.4
10952.6
9314.2
11982.4
11810.4
8705.8
8884.6
8537.6
9617.6
7686.0
9104.2
8925.8
10889.2
8462.6
8036.6
9390.8
9052.8
8146.2
8587.0
10514.4
8029.0
8889.4
8085.2
9397.6
8511.6
11486.4
8690.8
8835.4
7531.4
6848.0
8705.4
9089.0
9060.6
10953.4
8294.0
7915.6
8848.0
8127.2
13219.6
11241.6
7751.8
16306.0
13193.2
14940.0
17424.8
16394.4
26955.4
14812.6
15334.0
14554.2
13738.6
14450.6
16338.8
16123.4
15461.4
15074.8
14796.8
17726.4
15189.6
18235.8
16843.0
14578.8
14921.4
13938.8
15606.2
16466.0
16735.2
16136.2
14925.8
18329.6
17240.8
16948.8
16093.4
16549.8
18335.2
13954.0
16563.4
15912.4
18014.6
18532.0
16304.2
14472.4
17715.0
16474.8
16624.6
16224.2
14845.6
17159.2
15797.4
16874.2
17699.2
17454.2
17118.8
15286.6
16251.8
18225.8
14820.2
16283.0
16820.4
16591.6
17497.4
13487.8
12185.0
15750.6
14545.4
8526.2
5052.8
6413.2
9391.6
8649.0
7782.4
7708.8
7136.6
7158.8
8425.0
8522.8
5383.2
9379.0
9486.2
6048.2
8394.2
8776.4
8376.8
6120.2
9310.0
7029.8
6650.8
7471.0
6873.4
6283.4
7136.2
9540.4
5870.8
9405.2
3420.0
6574.4
4902.4
9880.6
9334.0
10236.2
6911.6
8644.8
7496.2
7007.2
5850.2
8269.4
6237.6
9905.6
6479.8
6988.6
6014.4
5850.0
12428.2
6543.8
9029.2
9250.8
6536.8
7138.2
6610.0
9496.4
6198.8
7262.8
5561.8
8201.4
9400.6
