5784.4
8900.8
7404.2
7203.8
6071.8
6711.0
7314.2
6492.2
6951.8
7062.8
9292.2
7083.2
7239.0
7543.2
6667.2
8028.6
10240.6
7628.4
7123.0
8073.2
9081.4
8478.0
8784.4
7611.2
7945.8
5977.8
6679.4
7204.4
7510.6
7074.2
7384.8
5751.0
8037.0
7010.0
6416.4
5930.6
7208.8
6619.4
4925.2
6080.8
6021.6
8062.0
10550.6
6731.2
9186.6
7227.4
9988.4
6666.0
6559.4
6831.0
14559.6
7429.4
7597.4
7449.0
6341.0
6873.4
10242.0
7754.0
10634.4
12926.6
12666.2
13176.2
13352.4
13785.0
12958.6
24370.2
14807.0
14861.4
16487.0
13300.4
12420.8
12749.8
12534.4
11821.6
15069.2
15949.8
14222.0
12803.6
15091.2
13338.6
12230.6
12056.0
12685.6
13955.2
13696.6
12748.8
11541.8
13916.6
15123.0
13503.0
13931.0
15309.2
12237.6
16334.4
13152.4
14075.2
13973.4
13941.0
12237.6
16744.0
13429.6
14816.6
12833.4
13570.2
12526.4
15194.0
13949.8
15448.8
14675.6
14826.8
16545.6
12944.2
12778.6
13670.4
14731.2
14666.8
13993.0
12951.8
14947.0
14878.2
9848.0
12331.4
12594.4
14047.0
5816.4
6017.6
5159.4
6067.4
5060.0
3983.4
7606.4
6413.4
5721.4
5806.2
6073.0
6123.8
5157.6
6792.8
4947.8
4380.4
5272.0
4787.8
4744.8
5670.2
5629.2
5397.0
4893.6
5410.0
5020.2
6036.0
3326.0
5272.4
6558.4
5646.6
5662.4
6009.8
6291.6
6671.6
6647.2
6246.8
6200.8
3367.4
5743.6
4855.4
4768.2
4680.4
4511.6
4605.6
5770.4
4602.6
5162.8
8225.4
5283.0
3992.4
5705.0
8923.8
7619.8
5746.4
3458.6
3623.0
7343.0
5382.8
7816.2
5301.2
