6674.6
7459.4
5814.6
5827.6
5586.8
5695.2
11103.0
5849.4
5587.4
8414.2
8489.4
10368.0
6504.2
6602.2
8576.2
6577.4
9839.4
5938.6
10288.8
9189.6
6231.0
7869.6
6426.6
8331.2
10002.2
5970.4
6149.2
7902.4
5950.0
5365.0
6516.6
6190.4
9048.2
5713.0
5715.6
7161.8
6317.4
8673.4
5825.2
6438.0
5441.4
7037.4
5764.2
8641.2
6190.6
9108.8
6103.2
8079.0
5210.4
6973.0
6384.4
6325.2
15762.2
8332.6
8836.8
5452.8
6527.0
9056.0
5377.6
10842.0
14102.8
13318.2
13506.4
15195.8
14073.4
24577.8
16093.8
14577.6
11804.6
12952.0
14496.8
14478.8
14363.8
13547.2
16356.0
14040.4
16032.8
12868.6
15615.0
15149.4
13385.0
13309.6
13285.2
14124.6
14284.8
13987.2
13394.4
17573.2
14868.4
14763.4
14259.8
13268.0
14100.4
15714.4
13887.4
14242.4
15637.0
15486.0
18848.0
12323.4
13926.6
13854.0
14304.4
13846.6
12696.6
15208.4
13648.4
14496.6
15470.0
14751.4
12909.0
13874.2
15848.2
12232.6
14589.4
16613.0
14500.2
15201.4
15513.2
12821.8
11284.6
10324.2
13373.0
13349.6
5905.4
4108.2
3663.6
7242.6
6698.2
6587.2
9417.2
4401.2
5972.8
6145.2
6758.2
3058.4
7108.6
3720.2
7326.8
7007.0
6078.4
4015.0
7081.0
4294.4
4972.0
3901.2
5068.2
4285.8
3700.8
7846.8
5697.4
2955.0
4830.4
3839.0
3449.6
8185.0
7185.0
8540.6
4664.4
6267.2
4759.4
5894.0
5290.4
4423.4
6509.8
4088.6
7339.2
4667.6
3292.0
7528.0
3701.0
5096.2
6880.2
10013.8
9513.2
7409.8
3787.2
5121.2
5335.8
5872.6
3870.8
7118.8
7112.0
6779.8
