18079.6
21335.2
19813.2
19360.8
19120.0
19612.8
18327.6
18710.0
19492.2
18709.4
18784.6
19563.0
18367.0
19098.8
20482.2
17624.2
19471.8
17922.8
18888.0
20020.2
20471.0
18193.8
19142.8
18022.4
17435.8
20354.8
19483.2
19116.6
19088.4
19818.2
17981.2
19617.8
18489.8
17688.0
17926.0
20446.0
18225.8
18825.4
19028.4
17722.2
18430.6
22366.8
18714.0
20638.4
19487.2
19075.0
18597.2
18552.6
19449.2
18407.2
17850.4
20006.4
18341.2
19282.4
22249.8
18956.0
18051.2
18959.4
20027.8
17758.6
24674.4
24942.4
25677.4
22070.8
24652.6
35985.6
27021.8
25709.4
24034.8
23914.2
24257.8
24589.6
23257.4
24275.0
25545.4
23345.2
24302.2
24465.0
25341.2
24643.4
25913.0
25390.6
24706.6
23917.6
25387.0
25278.6
24645.8
27080.8
24810.0
25888.8
25106.4
24003.8
24846.4
23290.0
25320.2
21605.8
25898.8
24646.6
25931.2
25123.6
26774.4
25345.0
23874.6
24484.2
31804.8
27151.8
24262.4
27406.6
26633.4
26784.6
26959.6
24964.0
23310.6
25364.4
22816.4
24610.0
22309.4
25853.8
27140.2
23349.4
21856.2
24740.4
22453.2
17774.2
18426.6
17568.4
17178.8
16330.6
14934.8
17734.2
16641.8
18847.8
17764.0
18030.8
17334.2
17566.6
18408.2
18051.2
17323.6
14900.8
16473.4
16481.8
17806.0
17127.8
13902.2
17766.2
16715.6
17669.8
17429.2
16042.6
16137.4
17681.4
18324.6
18055.6
18071.4
14250.2
17121.2
15856.4
18974.4
18204.6
15734.0
18635.2
17485.6
16013.0
16981.4
15941.4
16217.0
17571.8
16920.6
16392.4
16896.4
17959.2
16919.0
16288.6
17692.0
16187.6
15518.6
19702.8
17791.8
14709.2
16600.8
17625.4
18275.2
