6618.4
7613.6
6062.6
5881.6
6546.0
5820.2
8471.2
5816.2
6061.0
6172.0
11067.2
5741.6
8428.0
6553.8
7883.4
9791.0
9806.2
6878.2
8556.0
6627.0
5933.8
9982.0
6581.0
10255.6
9169.4
6104.6
6190.6
6183.4
7852.2
5331.8
6809.0
6376.8
9062.0
5867.2
5682.4
7128.6
6358.8
5792.0
8687.2
6381.8
5674.8
7114.2
5731.0
7188.2
6157.4
8658.2
6348.6
6626.0
5177.2
6394.6
6351.2
6553.2
8850.6
5471.8
6493.8
8452.8
5531.8
6879.6
10391.4
9032.2
14179.6
12739.8
13480.2
14040.2
15162.6
24127.2
15611.6
11499.0
13124.6
11958.8
14573.6
14445.6
14330.6
13624.0
15873.8
12587.4
15999.6
12835.4
15594.8
15116.2
13358.8
13286.6
13252.0
13827.4
14381.0
13958.6
13368.2
16120.2
14694.4
14724.4
13809.2
13803.2
15694.2
13849.4
14209.2
15221.4
15452.8
18566.2
12400.2
13476.0
13833.8
14270.4
13396.0
12696.0
15175.2
13725.2
14081.0
15483.8
14335.8
12458.4
13423.6
15432.6
12525.0
14556.2
15160.0
14466.2
15145.2
15527.0
14910.4
16419.2
11361.4
9010.0
12922.4
12468.2
5885.2
1816.4
3817.8
7224.4
6665.0
6531.0
9381.4
4587.6
4609.8
5675.6
5694.6
6738.0
3151.0
6658.0
3694.0
7403.6
7020.8
6045.2
3988.8
7047.8
5126.2
4480.8
4055.4
5116.8
4531.2
3844.4
5774.2
7813.6
3515.2
4253.4
4025.4
2988.0
8214.6
7166.8
8570.2
3773.0
5851.6
4913.6
5970.8
4708.6
6476.6
4088.0
6760.8
4634.4
3660.2
6985.0
7112.4
3700.4
5073.2
6958.0
9598.2
9542.8
7423.6
3941.4
5198.0
3731.4
5816.4
3844.6
6703.2
7078.8
