8228.6
8411.2
9426.0
8306.8
8516.0
8410.2
8393.4
6812.6
8651.0
8834.2
5356.6
7174.2
5358.4
8286.8
7653.8
6751.6
7531.0
5108.2
6606.6
8846.4
8122.4
5657.0
5867.2
8296.4
6724.0
8376.2
8733.0
7835.8
9596.6
8009.2
6104.2
7854.0
6436.4
8374.8
8402.8
8809.2
8777.0
8393.2
8793.6
11104.2
8133.8
8664.8
8866.2
8440.8
7667.4
8059.0
9109.8
9879.6
8685.8
10624.0
7540.0
6571.2
8348.0
9310.2
11040.6
8382.0
9278.8
9003.0
8694.0
8837.2
14823.4
16224.8
17072.0
13650.8
13814.6
23014.6
14756.4
17449.0
15469.4
13864.4
14152.8
14330.0
11285.0
14781.4
12574.4
12427.8
15731.8
15695.6
14208.8
12892.4
13783.2
14108.8
15043.0
12898.8
13306.6
13065.8
14980.2
13099.8
12361.0
15286.2
13984.4
16053.8
12781.4
19082.2
13241.0
15338.4
13796.6
14157.2
14673.8
16217.4
14082.2
14103.0
15051.2
18833.8
12408.6
14252.4
14498.8
14684.0
13988.6
14375.4
13026.6
13561.0
12882.8
16870.2
12756.2
14789.4
12909.0
14459.0
15878.2
13428.2
12005.2
12681.4
9482.2
13499.8
5126.2
8605.2
6745.6
4819.4
6083.8
6775.8
3670.8
6938.6
5825.0
5269.0
5681.4
4363.2
7555.4
5437.2
7877.6
5302.6
7944.6
5643.8
8413.4
5997.6
5484.8
6625.8
6447.4
6241.6
6797.4
4206.6
6161.6
7018.8
9327.4
6662.0
7946.6
4978.4
4761.8
2558.4
6839.8
5586.2
6557.2
6726.0
8524.0
6242.2
5934.8
7508.6
9057.0
6723.4
7284.8
6509.2
7397.4
7661.0
5060.4
4988.2
5984.6
4855.6
7106.6
6486.6
6580.4
6400.0
8043.8
8367.8
7207.2
5419.0
