4423.8
6861.4
5364.8
5164.4
4351.4
4671.6
6528.0
4478.0
4912.4
5023.4
6022.6
9145.2
5043.8
6452.8
5598.2
5908.2
7881.6
8638.8
6842.2
5178.0
6033.8
8840.0
8331.0
7971.0
5571.8
5906.4
5772.4
5183.8
5259.4
5471.2
5034.8
7086.8
5048.8
5997.6
6712.0
4378.0
4187.2
5169.4
4548.2
5048.8
6935.4
3961.4
8948.8
4615.0
8198.6
4238.2
5188.0
8386.6
4751.8
4614.4
6463.4
14412.6
6875.4
5484.4
4414.0
5558.0
8023.4
4834.0
9868.6
4645.0
12087.4
12672.6
12808.6
13082.8
12268.0
23604.4
15076.4
14885.2
11261.0
12508.2
13259.6
12384.8
11393.4
15338.6
12673.4
14348.0
14075.0
10858.6
14305.0
13191.6
12491.2
11528.8
11544.6
12599.2
12468.8
12025.8
11802.4
13130.4
12783.0
13767.0
12575.0
14495.8
12325.0
12437.0
14978.4
16859.4
13373.0
10506.2
12617.4
12635.4
12358.2
13460.6
11700.0
13403.0
11687.0
22622.4
13838.0
13508.6
14092.8
13395.6
13470.8
15189.6
10999.2
12631.6
12554.0
12950.6
13551.8
13880.6
14433.8
13129.4
9269.2
10887.6
11808.2
12691.0
4505.6
4415.8
3120.0
5281.2
4892.8
4336.4
7459.4
3682.0
4374.0
4450.2
4717.0
5337.6
3637.0
6027.0
3704.2
3496.2
5338.2
5045.6
4273.0
3357.6
4071.4
4968.0
3589.8
3136.4
3370.6
2980.8
5889.0
3562.0
3419.6
5444.6
3607.2
4060.6
6166.8
5223.6
6584.8
5151.0
4890.8
4161.4
3905.4
4175.6
4530.8
3127.2
6039.8
2657.6
3249.6
6869.4
3016.0
3377.2
4918.8
8776.8
7557.4
5448.4
3243.6
3132.6
3621.8
5899.2
3802.2
6460.2
5154.2
5561.2
