11132.2
12356.8
11342.0
11237.6
11419.6
11341.0
9743.4
11324.2
11581.8
11053.2
6527.6
11217.6
9682.4
10584.6
10105.0
8470.0
9537.4
10461.8
11777.2
8061.6
8768.6
8922.0
11227.2
11279.8
11663.8
10766.6
12468.8
10940.0
11064.6
9215.8
10757.6
9548.0
11740.0
11278.4
11333.6
11595.6
11707.8
11296.8
11797.0
11724.4
11765.0
11625.0
11371.6
9231.2
10989.8
12040.6
12783.2
11616.6
7426.6
10470.8
9682.8
11251.6
12241.0
11312.8
11319.4
11933.8
11452.4
11768.0
11573.8
13701.2
17727.0
19128.4
19975.6
16663.4
16718.2
25055.2
17687.2
20379.8
18373.0
16768.0
17126.6
17233.6
14579.8
17685.0
15505.2
15539.4
18635.4
18599.2
17112.4
15823.2
16714.0
17012.4
17946.6
15829.6
16237.4
15996.6
16921.4
16030.6
15409.2
18189.8
16912.0
17859.2
15794.0
16171.8
18269.2
16727.4
17189.2
17118.6
19121.0
16985.8
17006.6
19442.6
21709.0
16922.4
15520.2
15816.2
17429.6
17134.6
15552.4
17306.2
15930.2
16491.8
17802.0
15867.8
15921.6
15592.8
17471.6
18809.0
16359.0
16675.8
14908.8
15612.2
11869.6
15063.6
8057.0
11536.0
9676.4
7750.2
8987.4
9788.4
4841.8
9869.4
8755.8
8199.8
8612.2
7294.0
10486.2
10781.2
10848.2
8547.6
8547.4
11317.0
8497.4
8928.4
9556.6
9389.4
9172.4
9728.2
7318.2
9065.2
9949.6
9592.8
10877.4
7991.0
7692.6
6233.4
9770.6
8517.0
9460.8
9656.8
11427.6
9173.0
8914.0
10412.2
7260.8
9627.0
10215.6
8073.0
10301.0
10564.6
8090.8
4813.8
8844.0
7967.2
9417.4
9484.0
9303.6
10974.6
11169.4
8771.0
8452.8
6560.6
7679.8
10965.0
