14952.8
14939.4
14082.0
14174.4
13933.6
13881.6
10959.2
13891.0
13784.4
13487.4
13548.4
13167.2
14681.2
13483.4
13719.2
13070.6
13620.0
13369.2
13353.6
13129.8
13072.0
13910.0
13134.6
12662.2
14739.2
14040.8
13631.4
13481.0
14478.8
13593.8
13816.4
14211.4
14363.8
14844.8
14148.6
13871.8
14517.0
13900.4
14168.2
15384.0
14291.2
13581.2
13973.6
11791.2
13556.6
14324.2
14305.2
6661.8
13053.4
14283.4
14296.4
13515.4
13876.0
13860.2
14544.6
14191.6
14213.0
13733.6
12277.2
13617.0
21552.0
22590.4
20787.4
27596.0
20303.0
22608.4
21017.0
20902.0
21320.8
19180.4
20522.2
19936.8
20140.0
22469.0
21978.4
20133.0
19128.8
20458.6
20539.8
22122.8
27162.0
19771.6
20042.4
19801.6
17550.8
21495.8
19104.6
20009.8
22353.2
20720.2
21816.4
16577.6
19542.2
20992.2
18553.2
20394.6
20673.4
17239.4
21365.4
21586.4
20440.0
22805.6
18102.2
16228.4
20120.8
17775.8
18380.0
17255.4
16790.0
19908.2
20530.8
20296.8
19074.4
20634.4
20468.4
22402.6
20522.2
16047.2
22072.2
19759.4
18733.8
16562.6
15589.4
14259.8
11593.6
12676.0
12083.8
12181.8
13236.4
14389.0
9273.4
12452.0
11338.4
10971.2
10771.8
11303.4
11946.8
12804.2
12352.6
12616.6
13099.0
11511.0
12123.4
11964.0
11739.2
12188.6
11918.8
13152.4
11859.4
12122.2
12176.2
12591.6
12124.2
10834.0
10721.0
11211.6
13548.0
12239.4
13763.8
11826.8
12670.6
12757.4
12550.4
12196.4
8135.8
12369.8
13765.0
12035.2
13444.6
7998.4
12567.8
11755.6
11984.2
13571.2
13260.8
11925.0
12954.8
8105.0
13053.4
10992.2
11192.2
11798.4
11101.2
13567.0
