8510.6
8025.6
9040.4
7921.2
8798.0
8024.6
8007.8
5727.8
8265.4
8448.6
6592.6
6788.6
5650.6
7901.2
7268.2
6366.0
7145.4
5507.4
5658.0
8460.8
5713.8
3980.4
7910.8
8658.2
8347.4
7748.2
7450.2
9211.0
7623.6
6226.8
8279.2
8480.6
8319.4
6271.8
8423.6
8633.8
8017.2
8391.4
8858.6
8408.0
10718.6
8055.2
7445.4
7673.4
7736.8
8724.2
10136.2
8300.2
11495.8
7154.4
5747.0
8413.2
8924.6
11506.0
7996.4
8893.2
8617.4
8308.4
8451.6
8257.4
15105.4
16481.4
17119.2
14517.4
13612.8
22629.0
17063.4
14370.8
15726.0
14121.0
13767.2
14795.4
18151.8
12433.8
14739.6
12188.8
12680.4
15988.4
15975.4
13990.2
12506.8
13397.6
13863.2
15299.6
19703.6
11950.2
12195.6
12680.2
14594.6
18689.0
12714.2
10812.2
15542.8
13598.8
15806.0
19948.8
13648.0
14952.8
12855.4
13411.0
13771.6
14288.2
16110.0
14496.2
13856.2
19289.8
14665.6
12269.0
14793.0
14113.2
14298.4
15126.6
13989.8
13784.2
13175.4
15656.0
12289.0
13775.6
12497.2
16484.6
12287.2
12295.8
8857.0
13518.6
4740.6
8219.6
6360.0
3619.6
6247.4
7642.4
4906.8
6553.0
5439.4
4883.4
5295.8
3977.6
7169.8
4615.6
7770.2
8201.2
4757.2
5435.6
8126.4
6351.4
5612.0
6240.2
6061.8
5856.0
6411.8
3743.4
6627.0
6633.2
8941.8
6276.4
7561.0
5845.0
3562.0
4087.4
6454.2
5200.6
7022.6
6340.4
8622.2
5856.6
5549.2
7401.2
9251.8
6667.2
6899.2
7647.2
7301.0
7823.8
3960.2
6117.4
6698.0
4797.0
6721.0
6101.0
7045.8
6682.0
7658.2
7982.2
7287.8
6306.8
