6850.6
7380.4
6365.6
6261.2
7138.0
6364.6
4767.0
6347.8
6605.4
6241.2
4706.0
5608.2
5128.6
6556.6
6076.8
4681.2
10854.8
5485.4
6800.8
6349.4
7434.6
6619.8
5536.8
6250.8
6998.2
6687.4
7551.0
5790.2
5963.6
6088.2
6058.6
6659.4
5752.6
6763.6
6973.8
6357.2
6731.4
7198.6
6619.2
6748.0
6788.6
6820.6
9058.6
6395.2
5785.4
6013.4
10530.4
7064.2
8476.2
6640.2
12365.2
5494.4
5401.0
7264.6
6753.2
10853.4
9846.0
6336.4
7233.2
6957.4
13445.4
14821.4
15459.2
11952.8
14693.4
20969.0
15403.4
17029.0
12710.8
14066.0
12461.0
12107.2
13135.4
16491.8
13275.8
13079.6
10284.6
13018.2
14328.4
14315.4
12330.2
10846.8
11737.6
12203.2
13639.6
18043.6
10969.4
12934.6
11020.2
11054.2
12061.6
13882.8
13440.6
11938.8
14146.0
18417.2
11751.0
13292.8
11195.4
12111.6
13950.0
12628.2
14450.0
12836.2
12196.2
20131.8
13005.6
12034.2
13133.0
12453.2
12638.4
13466.6
12329.8
12437.0
11515.4
14466.6
12077.4
11322.6
14390.2
14824.6
10627.2
10635.8
9184.0
11858.6
3080.6
6559.6
4700.0
3520.2
4587.4
5852.4
5748.8
4893.0
3779.4
3223.4
3635.8
2713.4
5509.8
3391.6
6110.2
3571.2
3775.6
6541.2
6466.4
3952.0
6578.6
4580.2
4401.8
4196.0
4751.8
4275.8
4967.0
4973.2
7281.8
4616.4
5901.0
6042.6
3462.6
4929.4
4794.2
3540.6
4680.4
5362.6
6962.2
4196.6
4547.2
3889.2
5641.0
5741.2
7591.8
5007.2
5239.2
5987.2
4441.0
6163.8
3253.8
7009.2
7540.0
4527.6
5385.8
5022.0
5998.2
6322.2
5627.8
4959.6
