6887.4
8260.0
6613.8
6494.4
6815.0
6238.2
8702.2
6234.2
6479.0
6819.4
6400.8
8627.0
7303.4
8082.4
6590.0
10224.2
7732.4
9047.8
9016.4
7378.0
7081.2
10686.8
11487.8
10673.6
9874.2
6769.6
6948.4
8115.2
5749.8
7168.0
6989.6
6601.4
9261.0
7546.6
7116.6
6210.0
8886.2
6650.8
6092.8
7250.2
9109.6
6149.0
8042.4
6575.4
9550.2
6100.4
6754.6
7480.2
5595.2
5567.8
6769.2
9049.6
7124.4
6911.8
6357.8
7626.0
6191.0
11283.4
5815.6
6807.0
14315.6
11913.0
13659.8
15580.6
14458.2
25019.2
14773.6
12571.0
13978.8
12618.0
13717.6
14863.6
14559.0
13760.0
15035.8
13441.6
16417.6
13253.4
16299.6
15534.2
13298.6
13641.2
13670.0
14529.8
14799.0
14200.0
13574.0
16974.4
15304.6
15074.6
14735.4
14613.6
16399.0
13022.6
14627.2
16078.4
17739.4
15870.8
14368.0
12536.2
14538.6
14688.4
14288.0
12909.4
15593.2
13861.2
14938.0
15682.8
15192.8
13350.4
14315.6
16289.6
12884.0
16014.2
14974.2
14884.2
15414.2
11928.0
15726.0
15802.4
11497.4
10054.0
13814.4
13187.4
6590.0
3412.8
4477.0
7455.4
7083.0
6800.0
9802.0
5772.6
5200.4
6488.8
6586.6
3447.0
7442.8
7550.0
4112.0
7539.6
7219.8
6463.2
4356.0
7465.8
5093.6
4714.6
4937.2
5534.8
4347.2
8231.6
5910.2
3934.6
3510.2
4638.2
2966.2
7397.8
4975.4
8397.8
8753.4
6708.6
5560.0
5222.6
6148.4
4096.2
6705.0
4301.4
7969.4
5934.0
5052.4
4078.2
3913.8
10455.2
5263.6
7093.0
7622.6
4600.6
9726.0
5334.0
5252.0
7560.2
4262.6
6085.4
3430.8
6265.2
