6460.8
9216.2
7719.6
7267.2
7026.4
7519.2
10074.8
6797.2
7398.6
8106.2
7378.2
8246.2
8064.4
8495.6
8181.4
6602.8
8388.6
8811.2
9260.6
9651.6
7843.2
8588.8
7149.2
8022.0
8215.2
7755.4
6827.2
7826.0
8273.2
9769.6
8167.4
7085.2
7644.2
7792.6
6438.6
8190.2
6773.0
6818.8
6167.6
7534.4
7389.6
7524.2
6260.6
6327.4
8583.2
7037.0
10053.8
7542.8
8021.0
6684.0
8274.6
7146.4
3856.6
7950.6
7518.0
8231.6
6707.4
7188.8
6723.2
11501.6
13813.6
10201.8
12249.2
14916.8
13825.8
25237.4
13972.0
14519.6
13615.8
13111.8
11732.6
13617.0
13401.6
13035.0
14234.2
13982.4
15004.6
13406.4
15958.4
14121.2
11404.4
12230.6
13543.4
14813.0
14563.8
13606.6
12163.4
14783.8
14227.0
15276.2
14788.8
16176.4
11037.6
14019.6
17192.2
16083.8
15074.2
12260.4
14831.2
14798.8
14296.8
15674.4
12207.6
14437.4
13384.2
16051.8
14732.4
16306.6
14829.4
15684.6
17403.4
13465.4
13561.2
14537.6
14020.8
14775.6
15534.0
15363.4
13481.8
15745.4
10995.4
11786.6
13461.6
13728.2
6674.2
5265.8
5474.8
6934.6
5927.2
5100.6
8389.0
6728.8
6036.8
6664.0
6930.8
4895.6
6991.0
7660.0
3910.0
6054.6
5655.0
6097.4
3559.4
5944.6
6059.0
5712.4
4788.4
5668.4
5725.4
5335.6
6802.0
6818.6
4860.2
4414.6
4325.4
5711.8
4414.8
5074.0
7158.8
7514.4
6424.0
7104.6
6516.2
3022.6
6877.0
5547.6
4003.6
4575.4
5189.6
5003.8
9083.2
4282.2
3853.0
6572.2
9706.4
8487.0
6529.0
5598.4
4447.4
5792.8
4782.0
4288.0
8674.0
6083.8
