7473.2
7985.8
6851.2
6731.8
7400.8
6744.6
6861.4
6937.4
6985.4
6666.4
6095.4
9835.0
6618.4
6800.4
6213.6
7223.0
8957.0
8583.0
6796.4
6181.0
6742.6
8749.8
9020.2
7937.2
5980.8
6722.2
8044.8
6608.6
6527.4
6640.2
6677.8
8153.0
7977.6
6669.0
7847.0
7068.8
7236.6
6744.0
6700.8
7836.0
6971.8
7007.8
7048.6
7020.0
7048.4
6603.0
8888.8
6454.0
7829.4
7351.6
6099.8
13822.8
7495.4
6048.0
7342.8
9912.4
6408.6
8581.6
8781.6
6674.4
14857.6
14174.6
14720.2
16062.2
14093.0
22517.4
16795.6
13632.2
15387.4
12835.6
15295.4
14322.6
14207.6
14345.8
17057.8
14850.2
15676.2
13827.8
14087.0
14993.2
14598.8
14108.2
13438.6
12434.4
13764.2
13845.4
14589.6
15771.8
13084.6
12194.6
13114.6
12410.2
14462.0
15101.2
14066.6
14033.2
15122.0
11866.2
13122.0
12847.8
15946.2
13979.0
11781.4
13495.2
15052.2
13745.6
12557.2
14128.6
12812.0
10467.8
11809.0
16651.2
13908.8
12954.6
14433.2
12881.2
13609.8
13300.6
14171.8
16000.0
12039.4
8625.8
11312.6
13726.2
11287.8
4899.2
4976.8
4694.6
5614.6
6542.0
7385.8
8149.2
4384.8
4276.8
4084.8
5091.8
4076.6
5048.2
4934.0
8125.4
5665.6
5870.0
5228.8
7947.4
4557.4
5498.4
4873.2
4932.2
6458.0
5269.6
4785.6
4721.2
6448.6
4392.0
5686.8
6692.6
4803.6
4306.0
5172.0
8091.6
7329.8
2850.8
4517.2
5285.8
6146.8
5557.0
5983.6
4887.2
8195.6
5596.8
4729.0
5588.6
4499.6
8476.2
5894.8
5348.2
8074.4
9419.8
6622.0
4818.2
5919.8
6566.4
3988.2
5084.6
6955.8
