591.3
2051.8
1344.4
1118.2
997.8
1244.2
2419.8
739.2
1183.9
1073.6
1111.2
1165.7
578.0
1268.3
1678.9
1788.0
1159.5
2012.7
1846.3
1447.9
1139.2
801.3
2726.0
955.6
2267.2
733.4
1609.1
946.8
942.5
1293.3
1165.2
1390.6
371.6
1203.2
1693.2
784.3
495.9
1246.7
916.8
1084.8
694.0
674.1
1705.7
2881.0
741.2
2047.4
1127.8
2599.9
940.1
1674.8
660.5
1108.8
5053.5
1284.9
1402.3
54.2
2373.3
1079.0
2726.7
2771.3
218.2
573.1
720.2
359.3
821.7
737.4
973.9
1088.3
674.9
637.2
493.6
782.0
665.7
754.6
598.3
478.2
142.2
297.7
678.4
1229.5
757.7
654.4
159.3
1507.6
593.5
660.7
1433.1
660.1
891.6
1336.3
710.3
944.3
1156.6
1240.7
1846.3
1284.9
1402.3
971.2
590.1
740.9
1697.4
1747.5
853.8
1238.6
6489.2
2749.8
1886.4
2699.2
1142.5
1319.7
1026.8
889.6
735.0
2880.9
2430.6
1734.7
371.7
1849.7
1293.0
1450.9
1174.8
618.0
1306.9
1155.3
710.1
1106.5
1262.4
1147.4
1890.8
1294.8
1958.7
1228.1
950.7
2496.5
3495.3
1383.7
727.3
1316.0
1299.8
1065.0
1737.6
1122.9
1391.6
540.7
6008.4
1926.3
1451.5
2053.7
1667.1
1742.7
2602.1
716.2
1013.0
1198.5
1273.8
1473.1
1637.5
1914.1
1821.3
1923.9
417.1
2802.4
2358.6
2287.5
2100.0
1892.7
3251.0
1949.7
1630.2
681.8
1971.4
1951.3
2702.8
1035.5
1231.0
1175.5
1514.5
1122.0
1387.8
1186.5
1077.8
1151.3
2476.9
1708.1
1282.4
1415.8
1309.8
1416.0
1084.5
1750.5
1003.0
1607.3
1270.0
818.4
1240.8
1269.2
1231.2
1167.3
589.0
1119.1
1052.4
1691.7
833.8
1141.9
2028.9
1365.6
1336.9
1830.6
1359.0
2039.6
1841.5
1502.7
1601.8
941.6
1549.0
1012.6
818.5
2132.6
392.7
1088.5
2492.0
762.9
1149.8
1206.6
3135.6
2525.9
1471.4
1183.8
783.2
645.3
2177.2
1197.1
2287.4
1324.3
1541.4
2152.1
