1936.6
2192.9
1625.6
2296.3
1692.7
1572.3
1565.9
3117.5
1668.7
1509.2
1600.2
1533.2
1306.8
1598.2
1630.7
1900.4
1571.3
2678.5
2710.1
2168.6
1811.5
2491.5
1290.5
2574.9
1190.4
1561.1
2222.4
1504.3
1463.7
1520.1
1538.9
2276.5
2188.8
1534.5
2123.5
1734.4
1818.3
1572.0
1550.4
2118.0
1247.7
1685.9
1703.9
1724.3
1710.0
1724.2
1501.5
2644.4
1427.0
2114.7
1875.8
1249.9
5111.4
1947.7
2490.8
1224.0
1871.4
3156.2
1404.3
2590.8
1986.7
2092.2
1987.7
1652.0
1719.3
2041.5
2229.8
1607.8
1707.2
1697.0
1944.8
1624.8
1627.1
2242.5
2002.6
1959.4
1856.1
2495.6
1965.9
1569.4
1670.3
2008.6
3005.7
1648.7
1842.7
2153.1
3275.6
2029.8
2340.1
1477.4
1739.5
1545.6
1368.0
1605.1
2168.6
1947.7
1224.0
2038.8
1928.2
2478.8
2137.3
2410.1
3081.1
2096.5
6308.7
3447.8
2743.7
1467.8
1866.1
2697.7
2211.3
2153.8
2222.9
3578.9
2475.1
2888.1
1963.9
2093.5
2546.6
2349.4
2104.1
1769.3
1267.2
1932.1
1972.7
2344.8
2935.9
1592.3
1607.3
1147.3
2083.3
1255.1
2281.0
2600.6
2066.6
2611.0
3023.1
1611.0
983.1
1473.9
2039.5
2044.1
940.7
1797.6
2576.1
1922.8
1328.6
2114.3
1456.0
283.9
954.5
2004.4
1527.3
2266.6
3375.6
1854.9
3050.0
2135.9
1490.6
3207.9
2234.3
2474.7
3133.9
4045.5
2855.7
3454.4
3735.2
3558.7
3375.6
2961.7
3263.1
2419.7
712.9
2056.3
3263.1
2043.9
2192.6
2198.1
1549.6
1588.4
1447.3
1907.3
2371.0
2792.9
3174.6
1292.4
1536.6
1238.4
1142.4
1645.9
1138.3
1624.1
1567.0
3162.7
1932.8
2035.0
1714.4
3073.7
1378.7
1566.1
1734.8
1492.8
1460.6
2324.3
2329.0
1296.0
1943.4
1501.8
1253.0
3145.8
1878.5
2764.9
525.4
1358.6
1742.9
2446.3
2173.4
2091.8
1849.2
1543.6
3197.8
1898.4
1464.5
1894.3
1349.8
3338.1
2047.4
1774.1
3137.2
3809.9
2411.0
1509.1
2059.9
2383.2
1094.1
1642.3
2577.9
1863.7
3378.8
1619.7
