1788.1
1882.3
1374.9
1322.7
1761.1
1374.4
2093.3
984.8
1366.0
1494.8
1230.5
2471.6
1312.7
954.3
1165.6
996.2
2032.6
2972.0
952.3
934.8
1490.8
1929.0
2064.2
1522.7
1328.0
1681.3
1535.8
1820.6
1152.4
1173.9
1236.2
1630.6
1734.1
1477.6
1573.9
1370.7
1679.0
1501.7
1557.8
2003.7
1195.6
1167.2
1566.1
2073.9
1602.4
1389.7
1078.3
1198.8
2960.7
1743.3
1527.9
2431.0
4680.2
1301.8
939.3
1568.7
1436.0
3327.4
1360.3
1944.9
1510.7
1769.9
1446.6
1329.2
1845.9
1395.6
1934.2
961.9
1342.2
1333.4
1403.7
1261.2
1306.8
1815.4
1649.4
1656.7
1315.0
1954.5
1424.8
1885.7
1586.8
1574.0
2449.2
1338.1
1540.0
1857.5
1512.7
2734.5
1975.2
1166.8
1375.9
1057.4
959.2
1522.7
1301.8
1436.0
1392.9
1387.1
1937.7
2453.6
2726.4
1427.7
2540.0
5662.8
3703.9
2182.4
3060.0
1397.5
2465.9
1670.2
1504.9
1822.1
3835.0
2791.4
2242.2
1422.8
1447.6
2005.5
2567.5
2199.8
1228.2
726.1
1307.8
1431.6
2223.1
3416.4
946.4
961.4
861.9
714.0
1635.1
2374.3
1420.7
2069.9
1467.6
2482.0
1688.5
270.1
932.8
1507.1
708.7
2113.9
1869.4
1381.7
5670.2
897.4
1468.4
983.7
621.2
713.8
1573.2
1207.0
1725.5
1209.0
2493.5
1490.0
1054.4
2657.0
2666.8
1779.6
1996.2
3312.7
3172.0
3004.8
3194.1
2912.8
2315.8
3743.6
1878.6
1062.5
1410.4
3743.6
1673.9
1989.6
2185.1
1008.5
1904.7
1442.1
1261.4
1829.9
2249.1
2528.7
1538.6
981.8
1190.4
697.3
429.4
1000.0
1454.6
978.2
1883.3
2733.8
1286.9
1389.1
2030.7
2532.6
1068.1
1382.2
1193.7
1190.1
1468.0
1678.4
1787.9
1508.0
1400.3
1569.3
2604.7
1232.6
2119.0
841.7
817.5
1432.3
1985.7
2489.7
1445.9
1859.9
3235.6
1545.2
1676.5
1463.1
1666.1
2174.0
1128.2
2658.7
3268.8
1765.1
1312.6
1997.3
1842.1
1443.7
1958.6
2036.8
1217.8
807.8
1438.9
973.8
