2611.8
2475.0
3298.1
2415.3
2575.6
2287.2
3519.2
2285.2
2407.6
2368.5
3481.6
3209.3
2743.4
2819.8
3966.5
2463.1
2743.8
3676.3
2857.1
2708.7
4445.7
4191.2
4105.2
2552.9
2642.3
3008.8
2043.0
2752.1
2662.9
2468.8
3644.6
2895.4
2726.4
2273.1
2493.5
3457.2
2214.5
2644.7
2431.3
2242.6
2823.0
2577.8
2218.3
2898.8
2455.8
3943.2
2545.4
2617.7
1965.7
1624.0
2552.7
2744.5
2730.3
3676.7
2347.0
2157.8
2624.0
2263.6
4809.8
3820.8
2661.9
2767.4
2466.6
2767.3
2394.5
2905.0
3381.9
3496.3
2615.0
2562.6
2696.6
2519.2
2380.3
2803.0
2698.5
2743.8
2712.0
2722.6
2202.7
3301.5
2812.1
2266.3
2683.8
2753.9
2552.4
2828.3
3718.8
2795.2
2571.8
2610.0
2254.8
2604.2
3541.7
4105.2
3676.7
2347.0
3379.2
2977.8
3203.0
1646.6
2520.0
3762.4
3247.2
8527.7
2456.3
2717.0
2327.1
1919.3
2275.3
3219.4
3111.7
2780.7
2587.4
2448.4
3913.2
2644.8
4167.9
3471.5
2339.4
2510.7
2019.4
2853.1
3283.0
3417.6
3118.1
2512.9
4214.8
3670.4
3524.4
3096.7
3324.9
4217.6
2027.0
3331.7
3006.2
4057.3
4316.0
3202.1
2286.2
3907.5
3287.4
3362.3
3162.1
2472.8
3629.6
2948.7
3487.1
3899.6
3777.1
3609.4
2693.3
3175.9
4162.9
2460.1
3191.5
3460.2
3345.8
3798.7
4102.4
2940.9
4628.1
2065.1
3060.0
1787.3
3789.8
3679.6
4128.2
3143.9
2492.5
4275.3
3672.7
2634.4
2649.2
3363.1
1626.4
2306.6
3795.8
3424.5
2991.2
2668.3
2954.4
3312.5
3361.4
2679.4
1791.6
3789.5
3843.1
2124.1
3297.1
3488.2
3288.4
2425.4
2160.1
2614.9
2668.1
2835.5
2536.7
2241.7
3755.0
3870.2
2035.4
3802.6
810.0
2603.6
2387.2
1551.2
2380.5
4040.3
4218.1
2555.8
3422.4
2848.1
2025.1
3767.0
3234.7
2218.8
2339.9
2594.3
2107.2
4052.8
2025.0
2371.9
3614.6
5314.1
3725.4
2216.8
2368.4
2669.1
2405.0
2731.4
2199.4
3848.2
3502.8
3838.7
