2314.3
2913.0
2405.6
2353.4
2458.0
2405.1
2486.2
1606.3
2396.7
2525.5
2261.2
878.3
2343.4
1575.8
1787.1
2026.9
879.2
1503.3
1965.5
2623.2
754.1
1028.5
1133.6
2348.2
2388.1
2566.5
2117.9
2998.3
2204.6
2266.9
1252.1
2127.0
1418.2
2604.6
2387.4
2401.4
2532.4
2588.5
2396.6
2633.1
2617.1
2596.8
3752.1
2420.4
2033.7
2229.5
2754.9
3139.8
2542.9
3512.0
1970.0
1485.6
2374.0
2855.1
3720.3
2391.0
2839.4
2701.5
2547.0
2618.6
2184.3
2296.1
2359.9
2120.2
2876.6
2386.7
2017.1
1583.4
2372.9
2364.1
2593.5
2291.9
2337.5
2208.3
2730.6
2504.8
2306.7
2333.5
2617.5
2508.0
2368.8
2412.4
2690.2
2383.7
2570.7
2668.5
2264.5
2368.1
2449.0
2406.6
2197.5
2088.1
1231.7
1133.6
1485.6
2855.1
2461.7
3162.4
3586.0
1875.4
1957.3
6557.3
3774.5
2428.2
2784.7
2126.4
2215.0
1982.2
692.5
2440.7
1337.2
1263.9
2915.9
2897.8
2154.4
1496.2
1941.6
2104.4
2571.5
1499.4
1703.3
1582.9
2540.1
1599.9
1230.5
2693.1
2042.2
3076.9
1440.7
4591.1
1670.5
2719.2
1948.3
2128.6
2386.9
3158.7
2091.1
2101.5
4466.9
2575.6
1254.3
2176.2
2299.4
2392.0
2044.3
2237.7
1563.3
1830.5
2444.7
1428.1
1504.5
1491.4
3485.1
2279.5
2989.1
1656.1
1332.6
2172.5
1260.9
3760.2
3397.7
2759.7
1709.5
3307.3
597.8
2497.2
2402.6
2740.7
1141.1
3149.9
2382.5
2578.0
1663.1
3402.6
2472.8
1509.7
2141.9
2487.9
935.4
2569.3
2012.5
2221.1
1734.5
1940.7
1281.6
2877.7
1818.6
3038.8
3072.3
1751.3
1921.9
3306.7
1842.4
2098.8
2412.9
2323.7
2220.8
2498.7
1203.3
2180.8
2609.4
3763.7
2431.0
3073.3
1589.2
1480.9
379.2
2519.9
1893.1
2378.6
2463.0
3362.0
2396.4
2067.4
2798.7
2854.3
3628.5
2461.7
2742.4
2354.6
2343.3
2930.5
1630.2
1594.1
2092.3
1527.8
2390.2
2300.0
3121.9
3283.9
2703.6
1809.5
2214.5
