3766.1
4378.4
3871.0
3818.8
3909.8
3870.5
3938.0
3071.7
3862.1
3990.9
3726.6
1463.8
3808.8
3041.2
3252.5
3492.3
2435.0
2968.7
3430.9
4088.6
2230.8
2584.3
2661.0
3813.6
3839.9
4031.9
3583.3
4434.4
3670.0
3732.3
2807.9
3578.8
2974.0
4070.0
3839.2
3866.8
3997.8
4053.9
3848.4
4098.5
4082.5
4062.2
4012.5
3885.8
2815.6
3694.9
4220.3
4591.6
4008.3
1913.3
3435.4
3041.4
3825.8
4320.5
3856.4
3859.7
4166.9
3926.2
4084.0
3986.9
3636.1
3747.9
3572.0
3825.3
4309.3
3482.5
3838.5
3048.8
3838.3
3829.5
3802.9
4013.4
3757.3
5225.2
3660.1
4119.1
3758.5
3983.0
3864.2
3785.3
4142.0
4082.9
3716.3
4014.3
3834.2
4036.1
3835.5
3955.3
3819.9
3662.9
3872.0
3972.9
3553.5
2697.1
2661.0
3041.4
4320.5
3479.8
3913.5
4614.2
5037.8
3381.7
3409.1
7577.6
3893.6
5239.9
4236.5
3434.0
3613.3
3666.8
2339.9
3892.5
2802.6
2819.7
4367.7
4349.6
3606.2
2961.6
3407.0
3556.2
4023.3
2964.8
3168.7
3048.3
3510.7
3065.3
2754.6
4144.9
3506.0
3979.6
2947.0
3135.9
4184.6
3413.7
3644.6
3609.3
4610.5
3542.9
3819.4
4771.3
3553.3
5904.5
3511.2
2810.1
2958.1
3764.8
3617.3
2826.2
3703.1
3015.1
3295.9
3951.0
2983.9
3010.8
2846.4
4950.5
3785.8
4454.5
2762.3
3624.3
2042.8
4849.5
4266.0
3147.1
4744.9
2413.5
4003.5
3854.4
4206.1
2334.8
3931.8
3834.3
4029.8
3128.5
4868.0
3938.2
2975.1
3593.7
3994.2
1520.9
4034.7
3477.9
3686.5
3199.9
3406.1
2747.0
4343.1
2730.4
4490.6
4524.1
3373.8
3373.7
4758.5
3348.7
3564.2
3878.3
3794.7
3686.2
3964.1
2759.1
3632.6
4074.8
3896.4
4538.7
3095.5
2946.3
2216.7
3985.3
3358.5
3830.4
3928.4
4813.8
3557.0
4306.1
3913.5
4207.8
3136.5
4250.5
4382.3
3145.4
1506.9
3522.0
3083.6
4118.7
3808.7
3842.0
3751.8
4587.3
4684.7
3485.5
3326.4
2380.3
2939.9
4693.5
2996.4
