1160.8
769.4
262.0
209.8
1124.6
577.1
1651.6
1327.2
729.5
697.5
2615.8
335.3
1296.7
1508.0
199.8
545.2
2176.8
2613.0
1360.2
344.5
479.6
2073.2
2208.4
1666.9
204.6
422.9
1611.4
990.2
657.9
1249.6
334.3
550.9
1973.0
461.0
1820.0
734.2
1042.5
524.3
580.4
1473.3
473.5
914.6
929.6
2412.0
759.0
1848.4
513.5
2486.9
781.6
1933.9
924.8
191.0
5081.1
1644.2
2613.7
854.0
932.2
2960.6
382.9
2615.7
1096.2
1342.6
1237.3
698.5
1162.6
1675.4
1506.9
1304.3
756.2
746.0
1054.5
673.8
676.1
1524.1
1063.4
1020.2
1108.7
1635.7
1174.3
883.0
899.0
1037.3
2107.5
225.2
903.5
1430.2
683.4
2311.1
1661.1
53.9
788.5
302.6
1103.4
1666.9
1644.2
854.0
1672.7
1350.8
1618.9
1956.5
2055.8
1451.1
2116.6
6333.6
3337.1
1773.4
2586.2
420.1
2053.0
1633.9
1576.4
1495.6
3468.2
2317.6
2386.4
1009.7
1729.6
1969.2
1977.4
1563.3
1191.9
844.7
1307.3
1395.3
1700.1
3754.5
1356.3
1303.8
1482.6
1428.5
886.6
1779.3
1961.4
1488.5
2088.3
2261.7
4228.6
1052.0
907.8
849.1
1414.7
1329.4
1289.7
1998.7
1345.4
5814.4
1518.1
1810.8
1645.5
1258.9
1334.5
2193.9
576.3
1689.2
3603.9
1431.1
2151.8
1832.4
2630.5
1295.1
2664.2
2945.9
2674.9
2809.7
2770.7
3057.0
3940.8
3603.9
2460.0
1559.8
1400.6
1840.2
2294.6
1547.9
1553.4
924.8
1401.5
471.7
1603.8
1793.6
1955.8
2672.9
425.7
132.6
350.8
874.2
1007.6
1351.2
876.6
1594.9
1169.8
2485.3
1629.3
1483.7
1354.9
2109.2
313.3
404.8
1044.1
504.8
490.6
1936.4
1629.9
608.3
1762.6
287.4
1072.2
2568.4
1575.0
2263.2
1368.5
1094.5
319.4
1801.6
1857.3
1699.4
985.3
2868.8
959.2
741.3
2083.8
935.2
1475.7
1470.6
3291.9
3232.5
2172.9
335.2
1415.2
1523.3
1746.4
1282.8
1879.2
2000.5
1362.0
1743.9
