1336.1
2713.8
1965.5
1865.3
1407.1
1618.9
1358.5
2501.8
1504.3
1739.3
3625.5
1805.0
2464.2
2191.9
2137.9
1794.8
2993.7
3357.6
3151.6
2658.9
2300.0
3218.4
3236.9
2069.0
2705.5
1939.1
2164.2
1983.4
1501.9
2018.7
2671.8
3472.9
1776.8
2484.4
1325.0
2248.3
1492.2
1515.1
1325.9
1269.4
1927.8
1800.5
1867.8
1236.0
2260.8
3306.6
1624.2
3438.0
1877.1
3025.5
1495.2
1347.9
1678.9
2081.0
2675.5
2004.2
1459.4
2428.9
1700.1
3152.3
1623.4
1405.0
1749.9
1685.7
939.3
2364.5
1519.8
2478.9
1727.3
1699.5
1695.8
1687.6
1548.7
1496.3
1704.7
1547.4
1750.0
1787.6
1702.9
1276.6
1220.4
1564.5
2255.2
2169.6
1544.8
1436.6
1817.6
2766.7
1530.4
1987.5
1762.7
1967.3
2631.3
3236.9
2675.5
2004.2
2361.8
1980.7
1862.5
1370.5
3.9
2244.4
2643.8
7879.8
3070.5
2474.4
3124.8
1763.6
1786.4
2212.3
2104.6
1515.9
3201.6
2856.2
2940.4
1658.9
3240.3
2498.7
1078.4
1071.0
1994.0
2502.1
2456.1
2100.7
1037.4
2653.0
2538.0
3140.0
2544.0
3349.3
1592.2
2341.3
3745.7
2788.9
3943.8
1085.9
2565.2
2506.5
2400.8
3006.2
1059.5
2622.5
1931.3
3175.5
2804.3
3302.9
2537.4
3020.0
3851.3
1688.4
2218.7
2498.7
2299.5
2825.9
2409.3
3028.1
3085.5
3197.1
3095.3
1822.3
4008.1
2679.3
3674.2
2187.2
2420.7
2814.1
3121.1
2546.2
1803.4
2595.0
3341.9
3952.0
1182.8
1197.6
2582.2
2102.5
1743.1
2778.4
2417.4
1889.4
2024.1
3682.6
2370.1
2531.6
2665.0
2035.2
2806.6
1708.1
3141.1
1100.2
2184.7
2515.4
2209.0
1861.9
922.9
2636.4
1978.0
1839.9
1868.4
1673.5
2897.4
1403.5
1575.3
2122.3
1909.1
1661.3
3033.2
2749.6
3211.0
2465.1
2751.9
2263.8
1501.8
1104.0
2227.6
1007.5
2482.9
1600.5
1647.1
3741.2
1292.3
932.2
2597.2
4341.3
3697.3
2752.6
1804.9
1229.4
2800.8
1698.9
1289.2
3536.6
2530.0
2932.0
3401.3
