1509.2
2006.8
1231.3
1140.8
1473.0
1110.1
1935.4
2435.6
1108.1
1230.5
1286.0
3733.6
1070.8
2414.0
2141.7
1476.9
3095.5
3103.1
1639.1
2478.0
1513.5
1490.5
3191.0
3327.8
2784.7
1252.3
1295.3
2126.1
865.9
1604.5
1764.3
1388.4
1291.7
2731.0
1379.4
1096.0
2543.6
1390.9
1133.6
1037.4
1757.1
1041.2
1065.5
1166.9
1794.1
1278.7
2529.1
1374.3
1513.0
788.6
1397.3
1375.6
1476.6
2625.3
935.9
1446.9
2426.4
965.9
1639.8
3395.7
1625.8
1691.0
1731.2
1289.5
1308.5
2314.3
1868.9
2412.7
1437.9
1385.5
1519.5
1342.1
1203.2
1881.6
1521.4
1534.9
1566.7
2088.9
1640.6
1089.2
1025.6
1552.0
2578.3
1462.6
1375.3
1792.2
2825.8
1668.9
1979.2
1280.5
1432.9
1107.2
1329.7
2221.2
2784.7
2625.3
935.9
2311.6
1800.7
2139.8
1419.9
1790.1
2070.1
2631.3
7113.6
2855.8
799.5
1612.3
1029.4
2336.8
2272.8
2215.3
1862.0
2986.9
1343.7
3049.8
1467.7
2847.4
2608.1
1729.4
1693.3
1676.0
1963.7
2240.5
2029.3
1734.1
3110.1
2397.2
2412.2
1954.6
1951.6
2897.1
1974.7
2154.6
2660.7
2776.4
4333.1
1250.1
1788.0
1966.9
2185.2
1748.0
1398.0
2637.6
1912.6
2090.5
2791.9
2217.9
1279.2
1761.8
2766.3
1312.5
2328.1
2630.0
2283.1
2622.6
2813.5
2505.2
3259.6
3269.4
1809.8
3236.6
2417.2
3412.1
2139.0
3093.5
3285.4
2630.0
3295.2
3022.9
2080.7
905.0
2861.2
2634.1
1831.7
1837.2
2042.6
8.2
1008.9
2712.2
2432.5
2365.5
3790.7
1663.1
1393.8
1404.9
1937.8
1947.3
2469.0
675.5
2429.0
947.0
2801.8
2610.4
2122.6
1094.4
2623.9
1340.4
1127.7
1658.4
1365.6
1022.2
1987.1
3006.8
857.6
1226.7
1112.7
594.0
3207.3
2683.4
3385.1
986.5
2025.8
1556.8
2085.4
1454.3
2338.3
1144.0
2480.4
1417.2
930.1
2592.5
2656.2
950.2
1636.6
2579.0
3899.1
3871.4
2811.8
805.7
1070.7
1699.0
965.7
2008.2
1022.3
2451.6
2424.6
