1625.3
1382.8
1890.2
1330.6
1769.0
1382.3
1373.9
583.5
1502.7
1594.3
1917.3
764.3
1478.3
1320.6
553.0
1004.1
942.7
3627.4
1374.7
540.6
1888.9
1238.4
1600.4
1509.9
968.4
1325.4
1699.1
1543.7
1244.1
1975.5
1095.1
1181.8
1229.3
1509.6
1610.3
1529.7
1076.3
1581.8
1686.9
1378.6
1565.7
1799.3
1574.0
2729.3
1397.6
1092.7
1206.7
3465.2
1732.1
2438.1
1520.1
4382.6
947.2
900.5
1832.3
1576.6
3626.7
3123.0
1368.2
1816.6
1566.3
1607.1
1502.2
1337.1
1853.8
994.3
1789.4
560.6
1350.1
1341.3
1570.7
1269.1
1314.7
1611.0
1707.8
1664.6
1482.0
1723.4
1467.1
1867.1
1594.7
1618.1
2239.0
1346.0
1547.9
1694.7
2591.2
1694.1
1174.7
1383.8
1484.7
1065.3
208.9
968.4
900.5
1832.3
991.6
1772.7
2460.7
2779.6
2396.7
1026.4
5534.5
3564.5
1405.4
2751.7
2083.0
1280.5
1103.6
1617.7
3295.9
1687.9
1589.8
192.3
1559.1
2214.2
2207.7
1215.1
473.4
918.8
1151.6
1869.8
4071.8
534.7
560.1
1517.3
1770.3
577.1
1080.8
1991.4
1019.4
2123.0
2025.0
4258.6
1696.4
647.7
925.5
1105.8
1364.1
2275.0
1468.1
1148.1
5115.9
1552.8
1067.1
1616.5
1276.6
1369.2
1783.3
1214.9
1268.5
807.7
2283.3
1088.7
711.3
2245.1
2462.3
2110.3
1575.2
2037.9
3108.3
3050.8
2863.3
3050.8
2358.5
1761.5
2788.3
1713.6
1717.9
992.0
2329.3
1785.2
1980.7
640.3
2379.8
1450.0
860.1
1393.7
2026.2
1974.4
1546.5
989.7
1198.3
711.7
917.9
456.7
1854.9
795.8
2155.1
2370.6
885.6
987.8
2333.2
2389.3
1076.0
1390.1
1300.9
1198.0
1475.9
1237.9
1583.5
1586.6
2740.9
1408.2
2050.5
2121.3
831.3
1564.7
1497.1
870.3
1440.2
1781.3
2581.1
1044.6
1970.6
2895.9
1603.6
1719.6
2093.6
1920.5
2181.9
726.9
2604.6
2870.0
1363.8
1630.5
1320.5
1792.9
1611.0
2099.1
2261.1
1913.9
1579.8
1273.5
