5676.4
5241.0
5669.7
5140.8
5540.6
5166.8
5145.5
4974.2
5287.2
4736.0
3679.6
5155.0
4735.3
5092.2
4943.7
4783.6
4767.3
4531.1
4941.7
5059.6
4884.6
4876.8
4764.9
5569.6
5220.4
5015.7
4940.5
5439.4
4996.9
5108.2
5305.7
5381.9
5622.4
5274.3
5135.9
5458.5
5150.2
5284.1
5892.0
5345.6
5981.6
5010.0
4990.6
5186.8
4095.6
4978.3
5362.1
5352.6
1530.9
4726.7
5341.7
5348.2
4957.7
5138.0
5130.1
5472.3
5295.8
5306.5
5066.8
4338.6
5399.0
5658.2
5334.9
5128.8
5654.4
5385.0
5822.5
4951.3
5184.0
5173.8
5103.9
5292.0
5101.6
6410.8
5703.7
5479.4
5436.2
5203.3
5842.8
5313.1
5504.5
5366.3
5462.3
6314.6
5125.5
5319.5
5745.8
5863.5
4954.2
5216.3
5256.3
4844.8
4912.9
4876.8
5341.7
4957.7
5382.3
5826.0
6345.2
5443.7
8848.0
5201.5
6354.2
5558.5
5501.0
5710.4
4640.2
5311.1
5018.4
5120.0
6284.5
6039.2
5116.5
4614.4
5279.3
5319.9
6111.4
8631.0
4935.8
5071.2
4950.8
3825.4
5797.9
4602.3
5054.9
6226.6
5410.1
5958.2
3338.8
4821.1
5546.1
4326.6
5247.3
5386.7
3669.7
5732.7
5843.2
6452.8
5270.0
4101.1
3164.2
5110.4
3937.9
4240.0
3677.7
3445.0
5004.1
5315.4
5198.4
6251.3
5284.2
5311.1
4587.2
5367.2
6086.1
4929.7
3073.6
5062.6
5667.9
3649.7
6893.1
4828.6
6426.4
4713.8
3568.2
5766.9
4681.3
4194.7
3529.9
5877.9
6073.4
4896.8
5438.0
5141.9
5190.9
5718.2
6294.5
3736.7
5326.0
4769.2
5013.4
4585.6
4485.9
4751.7
5073.4
5502.1
5276.3
5408.3
5649.5
4855.5
5161.7
5082.0
4969.6
5194.3
5059.4
5676.2
5029.7
5161.1
5188.1
5395.8
5162.1
4517.0
4460.5
4705.8
5874.0
5219.7
5981.9
5435.3
5478.7
5375.2
5198.2
3167.9
5284.9
5982.5
5117.6
5822.3
3099.2
5383.9
4977.8
5092.1
5885.6
5730.4
5062.5
5577.4
3152.5
5626.7
4596.1
4696.1
4999.2
4650.6
5883.5
2473.7
4276.4
