1224.4
2720.2
2212.8
2160.6
1368.1
1952.9
1396.3
931.3
1713.9
2073.3
1872.4
2150.6
893.7
635.0
1834.1
887.9
2068.4
1088.4
3671.9
1772.7
2430.4
1112.6
1666.4
2155.4
1135.0
1298.2
2373.7
1693.3
1892.7
2424.3
2011.8
397.8
1713.5
1037.1
210.4
1297.5
1759.0
2411.8
1862.7
1306.7
2074.1
2201.8
1639.9
1620.0
3480.1
1715.9
1867.5
2036.7
3545.8
1886.0
2049.9
1639.6
4506.1
1777.2
568.0
1284.1
2348.2
2630.4
2034.1
3672.6
1094.4
1206.2
1030.3
1694.9
1767.6
865.0
1296.8
773.5
1654.0
1616.3
1640.4
1471.7
1775.7
1118.4
1577.4
1216.8
1441.3
1322.5
1243.6
1600.3
1624.3
1174.6
1831.4
2176.0
1524.0
1293.8
2098.6
1278.2
2004.7
1689.4
1933.7
1895.3
1060.8
1666.4
568.0
2348.2
862.3
1371.8
2072.5
2496.1
867.4
1746.4
6309.3
2832.3
3645.1
2097.6
1694.8
892.3
1071.6
1125.1
3376.5
1126.8
1350.8
1669.8
667.7
1826.0
1807.9
1064.5
1342.4
1236.4
1014.5
1481.6
1082.5
711.9
2283.2
1446.1
1526.5
1603.2
964.3
2888.9
3870.4
1311.7
1673.2
1459.4
1676.3
1102.9
2130.0
2068.8
1013.1
1011.6
5467.3
2318.7
544.5
2367.3
2027.4
2135.1
2558.1
1690.9
485.3
1002.9
1875.7
566.1
1457.6
1381.7
2767.2
1911.1
2717.1
1391.5
1082.6
2255.0
2615.7
2670.3
2307.8
2558.2
2709.9
1179.0
2295.7
1312.7
2468.7
1771.4
3095.2
1292.6
1488.1
1328.1
2460.4
2077.1
963.7
1052.0
1618.6
1929.5
2376.5
1819.7
2028.3
1580.7
1758.1
1236.1
2030.4
1570.6
1948.9
1982.4
675.7
832.0
2216.8
1713.4
1906.0
2195.9
1253.0
2028.0
2007.5
836.5
1090.9
2087.8
2813.6
2238.2
2282.8
1194.9
934.9
1401.1
2247.9
1613.4
2270.2
1288.7
2272.1
1027.2
1764.4
2538.6
1371.8
2034.4
2884.4
1708.8
1840.6
637.3
2588.2
1993.5
478.6
2231.3
2150.5
1300.3
1210.1
2849.9
2143.0
2679.8
796.6
2091.9
