1643.7
2330.0
1506.9
1447.2
1607.5
1319.1
2551.1
1317.1
1439.5
1609.7
1400.4
2513.5
2241.2
1851.7
2723.9
3312.1
1495.0
2066.2
2708.2
1740.6
2003.4
3943.9
1889.0
3543.4
3536.8
3137.1
1584.8
1674.2
2257.6
1074.9
1784.0
1694.8
1500.7
2830.5
1973.3
1758.3
1305.0
2643.1
1525.4
1463.2
1246.4
1825.1
1250.2
1274.5
2221.2
1487.7
2975.1
1577.3
1940.1
997.6
983.9
1584.6
1762.2
2724.8
1378.9
1655.9
2013.0
1295.5
2066.9
3841.7
1693.8
1799.3
1799.2
1498.5
1426.4
2413.8
1936.9
2528.2
1646.9
1594.5
1728.5
1551.1
1412.2
1949.6
1730.4
1743.9
1775.7
2223.4
1754.5
1298.2
1234.6
1715.7
2712.8
1785.8
1584.3
1860.2
1309.6
3034.8
2047.2
1603.7
1641.9
1636.1
2573.6
3137.1
2724.8
1378.9
2411.1
2009.7
2207.8
1006.5
1879.9
2840.3
2279.1
7559.6
2436.8
1335.5
2039.4
1359.0
1908.8
2481.8
2329.5
1930.0
2567.9
1770.8
3258.8
1676.7
3199.8
2817.1
1699.3
1870.6
1885.0
2314.9
2449.5
2150.0
1837.0
3537.2
2702.3
2587.3
2417.7
2356.8
3249.5
1561.3
2363.6
3089.2
3919.7
2985.4
2234.0
1318.1
2319.3
2394.2
2194.0
1504.7
2846.6
1980.6
2519.0
2891.4
2646.4
1725.2
2207.8
3194.8
1492.0
3057.1
2537.1
2492.1
2757.1
1014.0
2913.0
2951.2
3361.0
2018.8
3665.1
2045.6
3040.5
1767.4
3220.3
3286.8
3057.1
3386.8
2148.7
1427.0
3307.2
2993.7
1899.7
1997.2
2395.0
806.4
1338.5
2827.7
2641.5
2500.0
4001.0
1986.3
1700.2
1711.3
2344.4
2393.3
823.5
2821.4
2875.0
1156.0
2869.8
2709.9
2331.6
1278.0
2832.9
1646.8
1457.3
1867.4
1568.6
1273.6
2055.1
3215.8
1067.3
855.1
1419.1
583.1
3298.9
2798.9
3476.7
1587.7
2454.3
1880.0
2174.2
1148.1
2452.5
1250.7
2067.0
1626.2
1139.1
3084.7
1056.9
1731.8
2646.5
4327.6
3963.0
2911.3
1248.7
1400.3
1767.0
1726.0
2142.7
1231.3
2880.1
2848.4
2870.6
