1092.2
2650.4
1902.1
752.8
1675.9
1555.5
1801.9
2846.1
1446.1
1741.6
1819.5
1731.4
1971.6
2014.2
1857.1
1235.9
2236.6
2214.3
2439.0
2592.2
2005.6
2060.8
1188.9
2172.9
1802.2
1539.7
1955.3
3320.3
1892.4
2740.7
1075.5
1705.0
1165.3
2218.5
1408.2
1509.7
662.6
1210.8
1533.6
2231.0
1761.5
1737.1
1804.4
1240.4
3475.3
1565.6
2793.3
1813.7
3194.2
1533.0
1615.5
1479.7
1914.7
5479.8
1924.5
1998.7
1370.5
2077.0
1636.7
3321.0
1207.0
1133.6
1142.9
1526.1
1247.9
1719.8
1116.7
1834.2
1528.1
1490.4
1490.1
1496.6
1606.9
983.1
1505.5
1310.7
1550.8
992.2
1356.2
1247.3
1224.8
1268.5
1481.6
2106.2
1345.6
1119.6
1904.8
975.3
1924.1
1563.5
1536.3
1903.9
1986.6
2592.2
1924.5
1998.7
1717.1
1380.3
1383.1
1638.1
1726.2
1942.5
1529.3
7235.1
2453.5
3293.5
1700.2
2480.7
1260.4
1424.9
1317.2
960.8
2584.6
3024.9
2161.0
1451.8
2595.6
1719.3
1165.3
1078.0
1392.8
2027.6
1898.3
1424.4
820.9
2008.3
1801.5
2611.5
2015.5
2704.6
1168.8
1626.2
3217.2
2087.6
3422.0
1168.8
2036.7
2020.5
1764.8
2458.3
1466.7
1835.1
1313.2
2647.0
2024.9
2774.4
2387.8
2463.4
3322.8
1522.1
1439.3
1885.2
1525.9
2046.5
2415.6
2383.4
2489.1
2523.5
2307.9
1121.0
3228.7
2062.3
3057.2
2116.9
1370.1
2022.0
3677.3
2333.7
1324.0
2565.7
2697.2
3423.5
579.6
743.7
2008.2
2108.8
1679.7
2133.7
1630.0
1091.7
2903.2
2306.7
1960.7
1971.8
2003.1
2136.5
2161.9
1678.8
2496.4
1573.9
1290.2
1736.0
1493.9
1472.4
1935.1
1914.6
1798.5
1546.8
1805.0
1610.1
2118.0
763.0
1736.2
2379.2
1923.3
1931.2
2245.8
2104.9
2423.6
2435.8
2223.4
2200.4
783.7
1527.7
1440.2
1402.8
1985.2
1401.3
1681.4
3212.7
1355.8
1096.2
1952.5
3561.9
2909.9
1973.2
1881.8
1741.5
829.3
911.5
2771.5
1791.4
3008.1
1750.6
2872.8
