7239.8
8106.6
8867.6
8006.4
7383.5
7760.0
7555.0
7592.3
7880.4
8435.5
7363.8
7296.9
7012.1
7946.1
7554.7
7981.5
7771.4
7211.2
7749.4
8441.1
7239.4
7935.9
7161.4
7644.0
8210.1
6917.9
8377.4
7758.3
7744.2
8109.1
7941.6
7190.6
7044.0
7163.0
8423.0
7312.9
7612.7
8008.9
7714.2
7061.1
7444.9
7415.3
9383.4
7557.0
8519.2
7943.6
7737.5
7498.6
7476.3
7924.6
7403.6
7125.2
8203.2
7370.6
7841.2
9324.9
7678.0
7225.6
7679.7
8213.9
6950.1
7221.6
7082.0
7536.0
7452.4
7581.5
7385.9
7569.4
7490.7
7453.0
7481.5
7309.4
7597.8
7351.0
7414.1
6984.6
7294.0
6808.7
7174.6
7451.8
7429.3
6942.4
6521.5
8323.4
7409.3
7309.2
6053.7
7359.3
8128.6
7526.1
7740.8
7972.4
7717.2
7644.0
7403.6
8203.2
7578.8
7359.2
7387.2
7521.2
7888.7
6085.4
7376.3
13042.8
8560.9
7904.7
7067.4
7007.1
7178.9
7344.8
6678.7
7187.5
7822.7
6722.6
7201.1
7282.5
7720.6
7371.7
8006.5
7745.3
7403.3
7008.8
7743.5
7689.3
7372.9
8590.4
7455.0
7994.4
7603.2
7051.9
7473.2
6695.0
5852.9
7710.1
7999.4
7373.3
8015.6
7611.8
8437.2
7722.5
6987.3
7292.1
10952.4
8625.9
7181.2
8753.3
8366.7
8442.3
8529.8
7532.0
6705.3
7732.2
6458.2
7355.0
6204.7
7976.9
6724.7
8728.0
6903.8
7089.5
7746.4
7414.0
8142.2
6014.5
8195.0
6930.8
5844.6
7328.1
8770.2
7626.6
7050.8
7065.6
7987.1
8313.3
7884.2
7689.4
7265.3
6567.4
7420.9
8523.9
7967.1
8125.6
7982.0
8115.4
7767.1
7883.3
8304.1
7761.8
6550.4
7336.7
7340.9
7663.9
6051.1
7983.1
8003.0
7457.8
7934.9
7814.6
7121.3
7168.7
7940.7
8262.3
8127.8
8135.7
6225.1
7660.6
7028.2
8587.2
8202.3
6967.0
8417.6
7842.8
7106.5
7590.7
7070.7
7208.5
7885.9
7560.3
7296.2
7548.2
8079.6
7559.5
7244.3
7946.0
7193.8
6859.3
8951.4
7995.9
6454.6
7400.4
7912.7
8237.6
8700.0
