748.3
1428.4
680.1
579.9
712.1
333.5
1195.9
1690.7
347.2
453.9
509.4
2974.0
519.6
1653.1
1380.8
897.5
2342.2
2255.1
1828.9
750.5
1014.6
2541.9
2566.9
2135.6
783.6
950.9
1365.2
644.3
799.1
733.3
515.1
1970.1
1003.4
996.5
1782.7
335.1
630.0
582.4
204.7
1017.6
325.0
304.6
1009.0
2410.1
517.8
2317.1
591.7
2129.0
311.6
1518.8
614.7
804.4
5607.7
1864.4
776.7
686.0
2504.9
414.7
2255.8
3084.4
850.0
930.1
991.1
528.6
547.6
1553.4
1094.4
1667.8
677.0
624.6
442.3
758.6
581.2
1111.6
760.5
774.0
805.8
1328.0
879.7
348.8
309.4
791.1
1817.4
884.2
614.4
1017.7
2064.9
1239.7
702.1
672.0
313.8
681.9
1572.1
2135.6
1864.4
776.7
1550.7
1039.8
1372.7
1541.4
1473.4
1870.4
1309.2
6802.3
2881.4
2228.3
478.2
1415.5
1597.3
1511.9
1454.4
1083.1
3012.5
1959.7
2288.9
706.8
2198.3
1847.2
1395.0
932.4
915.1
1313.4
1479.6
1268.4
1244.4
3726.1
1825.0
1636.7
1951.3
1355.3
2248.0
1505.7
1393.7
2557.0
2015.5
3772.9
510.6
1376.5
1317.8
1424.3
1798.1
927.4
1876.7
1223.4
1986.8
2031.0
2114.2
1483.5
1803.2
2662.6
501.2
1567.2
1522.2
1861.7
2052.6
1350.4
1979.1
2498.7
2508.5
1048.9
3132.9
2490.2
3485.1
2358.1
2354.0
2524.5
3525.7
2534.3
2262.0
1313.6
1579.5
2308.9
2763.3
1092.2
1097.7
1393.5
1043.6
457.7
1967.3
1671.6
1604.6
3031.1
1084.7
738.7
749.8
1342.9
1476.3
1819.9
654.2
2063.6
807.5
2062.3
1849.5
1361.7
1061.7
1863.0
692.6
576.5
897.5
583.0
388.1
2245.9
1217.4
545.5
1558.0
701.3
866.0
2446.4
1938.5
2624.2
1411.2
1563.2
978.4
1345.9
1274.9
1577.4
623.0
2413.1
656.3
460.5
2552.5
567.4
875.7
1786.1
3689.8
3110.5
2050.9
519.5
959.5
1247.3
1785.3
989.6
2347.9
1878.5
1830.7
2212.6
