4029.5
4041.2
3612.5
3512.3
3912.1
3538.3
4290.0
2801.1
3517.0
3658.7
3381.5
2729.7
3463.7
2770.6
2981.9
3155.1
2787.0
2768.6
3176.2
3431.1
3107.5
2582.8
2936.3
3074.6
3136.4
3922.7
3591.9
3387.2
3393.8
3810.9
3368.4
3159.9
3677.2
3753.4
3930.8
3326.0
3507.4
3830.0
3521.7
3655.6
4200.4
3717.1
3997.6
3558.3
1400.2
3349.8
3733.6
4323.5
3769.3
3381.1
3098.2
3393.4
3719.7
3329.2
5524.1
3509.5
2434.7
3843.8
3667.3
3678.0
3752.1
4011.3
3688.0
3500.3
4025.9
3211.9
4190.5
2778.2
3583.6
3545.3
3475.4
3645.1
3473.1
4012.1
3850.9
3807.7
3556.4
4216.2
3666.2
3876.0
3737.8
3815.4
4366.3
3497.0
3691.0
4307.3
4098.3
3587.8
3325.7
3627.8
3216.3
2956.6
3074.6
3393.4
3329.2
4179.1
4346.1
4716.7
3733.7
3459.0
6152.6
3894.3
3573.0
4588.5
3786.0
3321.2
4018.8
2691.9
3664.2
3062.1
3171.7
4656.0
4410.7
3469.6
2810.9
3315.2
3518.2
4375.3
4657.8
2762.7
2898.1
2777.7
2196.9
2738.2
3106.6
4496.9
3237.0
4331.6
3299.0
3917.6
2940.1
2481.4
3422.6
2041.2
4104.2
3894.9
3623.1
6449.2
2277.5
3162.1
4144.6
1724.4
2611.5
2049.2
879.2
3375.6
3367.1
2945.6
4303.0
3335.9
3362.8
2519.4
3738.7
4137.8
3301.2
3114.3
3976.3
1581.9
4754.0
5051.3
5128.7
5201.5
4618.0
3691.8
2765.5
4120.0
3052.8
2126.9
1901.4
4186.3
4381.8
2932.7
3794.7
3513.4
3234.6
3945.7
4346.2
2786.8
3697.5
3140.7
3384.9
2729.9
2632.3
2683.9
3444.9
1797.9
3873.6
4876.1
3103.2
3205.4
4021.0
3700.7
3227.0
3533.2
3435.1
3341.1
3565.8
3111.1
3984.6
3401.2
4250.0
3532.6
3559.6
3447.5
3205.8
2568.7
2832.0
2709.5
4182.4
3591.2
4480.0
3262.2
3850.2
5432.3
3746.7
3569.7
1106.1
3656.4
4354.0
2944.5
1030.0
3874.0
3435.6
3349.3
3463.6
4194.0
4103.8
3434.0
3948.9
3678.4
2822.6
3050.0
1581.0
