2300.8
2212.0
2719.4
2159.8
2444.5
2211.5
1412.7
2203.1
2331.9
1116.3
2149.8
1382.2
1593.5
1833.3
885.5
2067.6
1309.7
1771.9
2429.6
957.4
917.1
785.2
2154.6
2374.6
2372.9
1924.3
2804.7
2011.0
2073.3
1364.7
2113.5
1530.8
2411.0
2373.9
2207.8
2338.8
2394.9
2383.1
2439.5
2403.2
2472.7
2423.5
3558.5
2226.8
1921.9
2035.9
2561.3
3126.3
2349.3
3750.0
1776.4
1479.8
2405.8
2661.5
3706.8
2197.4
2645.8
2507.9
2353.4
2425.0
2170.8
2282.6
2106.7
2166.3
2683.0
1823.5
2373.2
1389.8
2179.3
2170.5
2399.9
2098.3
2143.9
2194.8
2537.0
2293.2
2311.2
2398.9
2320.0
2676.7
2423.9
2251.0
2494.5
2175.2
2377.1
2370.2
2474.9
2435.5
2354.6
2003.9
2213.0
1894.5
1038.1
785.2
1479.8
2661.5
1820.8
2128.4
2448.2
3148.9
3572.5
1861.9
1943.8
6363.7
2234.6
3580.9
2771.2
1968.7
1932.8
2201.5
896.7
2427.2
1143.6
1276.3
2902.4
2884.3
2140.9
1302.6
1748.0
1980.8
2558.0
1305.8
1509.7
1389.3
2346.5
1406.3
919.1
2679.6
1848.6
2952.2
4577.6
1427.2
1476.9
2525.6
1754.7
1935.0
2193.3
3104.2
2077.6
1977.3
4711.2
2382.0
1366.9
2445.7
2105.8
2198.4
2282.3
2044.1
1549.8
1636.9
2431.2
1540.7
1491.0
1297.8
3291.5
2266.0
2795.5
1462.5
1319.1
2159.0
1498.9
3746.7
3384.2
2746.2
1953.8
3551.6
1087.4
2483.7
2389.1
2547.1
947.5
3158.5
2369.0
2564.5
1469.5
3209.0
2279.2
1316.1
2128.4
2474.4
1818.9
1173.4
2375.7
1540.9
1747.1
1088.0
2027.5
2684.1
1625.0
2984.3
3058.8
1714.8
1817.0
2219.3
3162.4
1828.9
1905.2
2130.1
2027.2
2305.1
1125.0
2167.3
2415.8
3570.1
2237.4
2879.7
1575.7
1287.3
890.6
2326.3
1699.5
2365.1
2269.4
3348.5
1873.8
2799.8
3615.0
2432.8
2548.8
2592.6
2785.2
2917.0
1486.4
1832.1
2078.8
1640.4
2149.7
2376.7
2286.5
2928.3
3090.3
2743.1
1796.0
721.3
2102.7
