1673.5
1536.7
2359.8
1477.0
1637.3
1348.9
2580.9
1346.9
1469.3
1430.2
2543.3
2271.0
1881.5
2827.6
3341.9
1524.8
2102.7
2738.0
1770.4
1952.8
3573.2
3973.7
3566.6
3166.9
1614.6
1704.0
2287.4
1104.7
1813.8
1724.6
1530.5
2860.3
2003.1
1788.1
2672.9
1334.8
1555.2
1276.2
1854.9
1493.0
2033.2
1629.2
1280.0
1304.3
2257.7
1517.5
2960.7
1607.1
1976.6
1027.4
1130.1
1614.4
1792.0
2103.4
2754.6
1408.1
1685.7
2171.6
1325.3
3943.5
1723.6
1829.1
1829.0
1528.3
1456.2
2443.6
1966.7
2558.0
1676.7
1624.3
1442.0
1758.3
1580.9
1979.4
1760.2
1773.7
1805.5
2253.2
1784.3
1328.0
1264.4
1745.5
2742.6
1815.6
1614.1
1890.0
3064.6
2077.0
1633.5
1671.7
1316.5
1665.9
2603.4
3166.9
2754.6
1408.1
2440.9
2039.5
2237.6
1152.7
2026.1
2870.1
2308.9
7661.4
2540.5
2075.9
1388.8
1263.1
2055.0
2511.6
2359.3
1959.8
2671.6
1807.3
3288.6
1706.5
3229.6
2846.9
1845.5
1841.0
1914.8
2426.0
2479.3
2179.8
1983.2
3573.7
2732.1
2617.1
2422.9
2413.9
3279.3
1707.5
2393.4
3123.0
4065.9
3015.2
1347.9
2219.6
2349.1
2424.0
2217.4
1534.5
2876.4
2010.4
2552.8
2921.2
2680.2
1748.6
2231.2
3093.6
3228.6
1521.8
2566.9
1177.4
2521.9
2936.8
2942.8
2786.9
3390.8
2048.6
3698.9
2149.3
3144.2
1871.1
3191.3
3433.0
3093.6
3416.6
2178.5
1367.3
3329.5
3097.7
1929.5
1935.0
2424.8
891.2
1368.3
2857.5
2671.3
2529.8
4030.8
2016.1
1730.0
1741.1
2400.1
2378.9
2851.2
853.3
2897.3
1185.8
2899.6
2739.7
2361.4
1318.7
2862.7
1676.6
1487.1
1897.2
1598.4
1303.4
2084.9
3245.6
1097.1
1448.9
612.9
3328.7
2828.7
3506.5
1448.8
2488.1
1909.8
2183.2
1188.8
2482.3
1280.5
2213.2
1656.0
1168.9
3118.5
1086.7
1784.3
2676.3
4361.4
3992.8
2941.1
1275.1
1430.1
1796.8
1573.1
2172.5
1261.1
2913.9
2878.2
2862.0
2856.2
