1430.4
2808.1
2059.8
1959.6
1501.4
1713.2
1462.1
2290.7
1598.6
1833.6
1889.1
3237.4
1899.3
2253.1
1967.2
2232.2
2605.6
2323.1
2336.6
2447.8
2307.6
2022.1
3084.8
2394.3
2830.3
3025.8
2121.6
2211.0
1774.6
1894.8
1613.6
2077.7
2113.0
2283.7
1962.1
1330.3
1742.6
2295.1
2096.3
1586.5
1419.3
1609.4
1283.8
1363.7
2491.6
1718.5
3226.9
1971.4
2210.5
1542.0
128.3
1773.2
2175.3
2315.8
1959.0
1553.7
1561.6
1794.4
2337.3
3950.8
1717.7
1499.3
1844.2
1780.0
1033.6
2153.4
1614.1
2267.8
1821.6
1793.8
1790.1
1781.9
1643.0
1573.7
1799.0
1641.7
1844.3
1548.5
1815.8
1370.9
1314.7
1658.8
2016.1
2263.9
1639.1
1530.9
1772.4
2333.5
1582.0
2081.8
1857.0
2061.6
2420.2
3025.8
2315.8
1959.0
2150.7
1809.2
1956.8
150.9
1174.6
1962.9
2508.4
7668.7
2036.0
1605.9
2309.8
1857.9
916.3
1858.5
1750.8
1567.5
2167.1
2041.2
2552.3
1753.2
3029.2
2110.6
752.2
1165.3
1821.7
2456.5
2331.9
1853.3
1131.7
2441.9
2163.5
2688.1
1351.5
2444.4
3138.2
568.8
2059.8
3646.1
2587.1
3091.9
1180.2
2465.6
2449.4
2198.4
2887.2
1153.8
2268.7
1742.1
3075.9
2416.2
3203.3
2464.7
2892.3
3751.7
1782.7
1830.6
1790.9
2318.8
2817.0
2437.8
2060.4
2731.7
2741.5
1788.1
3620.0
1644.8
2639.7
1429.7
2641.4
2294.3
2767.3
2124.4
1897.7
2293.3
3130.8
3264.1
1273.5
1288.3
2437.1
1732.9
1837.4
2567.3
2063.6
1650.3
3294.5
2464.4
2118.4
2129.5
2432.0
2565.4
2595.5
1547.8
2930.0
1055.0
2148.7
2127.3
1927.5
879.7
2501.0
2072.3
1956.2
1934.2
1962.7
1767.8
1494.2
2509.3
1530.1
1307.3
1955.9
1307.4
2679.4
2538.5
2857.2
2312.0
2652.3
2358.1
1262.7
611.3
1873.8
1101.8
1387.7
1694.8
1601.9
3641.6
1241.1
1026.5
2386.1
3953.2
3343.5
2364.5
1770.4
1899.2
1323.7
1996.4
1491.0
1244.0
3437.0
2141.9
3301.7
