1003.5
353.2
1128.7
253.0
967.3
282.0
544.5
1736.4
1480.6
402.4
689.1
3025.0
1616.5
40.2
2603.2
1705.9
457.9
657.5
691.0
2430.0
2482.4
1769.4
687.7
2617.6
2076.1
420.2
638.5
1548.6
463.6
1186.8
695.1
739.6
557.8
2205.8
229.2
619.5
676.6
2018.4
590.6
885.2
285.3
1302.3
623.3
2585.0
713.6
2257.6
486.5
2303.9
486.5
1806.1
870.2
568.0
5490.3
2100.1
2430.7
627.9
869.4
2789.6
87.8
3024.9
1033.4
1185.3
1174.5
650.0
867.5
1789.1
1349.6
1713.5
710.8
700.6
1014.1
628.4
630.7
1366.8
1000.6
957.4
1045.9
1572.9
1111.5
587.9
603.9
2044.7
584.5
1272.9
840.7
974.5
517.0
1524.4
2248.3
743.1
402.4
441.9
1512.6
2076.1
2100.1
627.9
1556.1
1828.7
1760.7
2053.8
1564.7
6742.8
3166.1
1590.4
2403.2
125.0
1882.0
1767.4
1709.9
1338.3
3297.2
2134.6
2549.9
946.9
2138.8
2108.2
1682.3
1237.3
1160.0
1253.9
1557.0
2288.3
1525.3
1414.9
3901.0
1765.5
1713.0
1891.8
1295.8
2188.5
1790.4
1649.2
2497.5
2198.9
4057.6
795.3
1317.0
1258.3
1566.8
1738.6
994.6
2132.2
1355.9
1927.3
2266.7
2054.7
1486.8
1811.3
2603.1
530.9
1828.2
1664.7
2089.0
1919.6
2729.3
1525.3
2739.1
1232.3
3073.4
2774.9
3769.8
2544.7
2638.7
2707.9
3466.2
2764.9
3420.9
1497.0
1513.6
2249.4
2703.8
1376.9
1382.4
1334.0
1218.5
273.1
2013.0
1927.1
1893.0
3082.1
785.0
516.6
574.3
1283.4
1416.8
1760.4
746.4
2004.1
874.7
2347.0
2085.2
1617.2
1177.8
2046.4
452.6
97.1
998.7
477.8
195.5
2345.6
1472.6
478.1
1632.4
516.7
942.0
2645.8
1984.2
2672.4
1383.7
1503.7
678.7
1630.6
1562.2
1832.9
690.2
2697.8
896.4
526.9
2493.0
640.1
1180.6
1879.8
3701.1
3341.1
2286.6
511.0
40.1
1244.2
1460.5
1719.4
1079.5
2288.4
2139.5
2153.1
