1038.6
1959.0
2666.4
1858.8
1182.3
1612.4
1627.3
1353.8
1732.8
1798.5
1589.7
1303.8
1780.3
1984.5
1784.4
3382.6
1570.2
2293.5
2386.4
2539.0
1314.5
1774.1
2362.3
2209.2
2362.4
2062.5
662.5
2229.8
1603.4
1557.1
1907.9
1779.8
1662.6
788.6
1475.2
2349.8
1398.9
1111.7
1861.3
1573.4
1224.9
1310.4
1362.8
3618.2
1355.8
2563.5
1742.4
3256.5
1596.7
1851.4
1275.1
5172.7
1723.4
1694.7
2058.9
924.0
2539.2
1693.6
3383.3
3287.4
748.9
1020.4
880.8
1334.8
1488.4
1490.0
1184.7
1604.4
1289.5
1251.8
1280.3
1108.2
1396.6
1178.0
1212.9
783.4
1092.8
503.2
973.4
1311.0
1347.2
741.2
890.6
2122.2
1208.1
1108.0
1094.2
1222.7
1950.9
1324.9
1558.9
1771.2
1756.8
2362.4
1694.7
2058.9
1487.3
1158.0
1186.0
1874.0
2297.6
899.7
1299.5
2915.7
7005.3
2543.0
3355.8
1757.1
1496.3
1087.4
1149.8
3046.8
1005.5
3087.2
1853.9
986.3
2365.8
1489.5
1627.5
1622.1
1170.5
1805.3
1668.5
1202.1
1283.1
1778.5
1571.7
2389.2
1793.2
2474.8
1404.7
1396.4
2994.9
1044.8
3499.8
1354.1
1814.4
1798.2
1535.0
2236.0
1779.5
1292.0
1090.9
6127.6
2424.7
1795.1
2552.1
2165.5
2241.1
3100.5
1330.8
1209.5
1655.4
934.9
1816.7
2153.6
1749.0
1453.0
2078.1
834.1
2921.6
2524.5
2464.1
2276.6
1553.8
3370.2
2103.9
1291.3
1126.9
2606.8
2467.4
3201.2
1210.8
1420.9
1785.9
2171.1
1736.6
1903.9
1064.1
738.9
2596.1
2322.7
1765.9
1924.4
1780.8
1914.2
1932.1
1741.1
2266.6
1659.6
1693.7
1506.2
1264.1
1925.8
892.3
1781.9
1855.4
1256.6
1733.7
1667.0
1888.2
1095.6
1798.5
2615.1
1980.2
1993.5
1491.7
1875.1
2193.8
2386.0
2001.1
2216.4
875.2
2117.1
1145.7
1475.1
2309.2
1007.3
1745.1
2990.4
1419.5
1651.5
1722.7
3254.8
2680.1
1743.4
1942.0
1798.4
1230.5
531.4
2833.8
1853.7
2785.8
1439.4
2650.5
