1027.2
567.5
1390.6
507.8
991.0
430.2
1891.9
616.7
550.6
461.0
1861.4
1688.7
912.3
2675.4
3427.1
606.1
2255.4
1924.9
850.1
949.6
2637.9
3180.5
2773.1
2231.6
645.4
734.8
1620.8
720.7
895.1
755.4
611.8
2278.0
1259.0
818.9
2090.6
614.0
908.9
357.5
1296.5
523.8
1474.8
559.2
583.5
831.4
2410.4
785.8
2399.4
688.4
2129.3
299.7
1729.6
893.6
822.8
5645.8
2172.3
528.0
941.6
2771.1
356.1
2256.1
1105.6
1209.0
1246.7
722.2
826.5
1861.3
1373.3
1869.0
783.0
772.8
1037.5
700.6
702.9
1390.5
1072.8
1029.6
1118.1
1645.1
1183.7
613.5
543.6
1046.7
2116.9
846.4
912.9
1296.6
2320.5
1518.6
664.3
815.3
397.8
696.7
1668.1
2231.6
2172.3
528.0
1858.6
1381.9
1628.3
1752.2
1757.7
1588.1
2126.0
6898.3
3140.0
1415.8
2228.6
419.6
1876.2
1790.8
1733.3
1362.0
3271.1
1960.0
2622.1
1019.1
2294.3
2180.4
1697.0
1211.3
1232.2
1409.4
1629.2
1547.3
1440.5
3726.4
1921.0
1868.5
1901.4
1451.3
2344.0
1784.6
1672.6
2561.7
4051.8
2271.1
789.5
1472.5
1261.8
1413.8
1639.0
1694.8
1020.2
2155.6
1428.1
1991.5
2338.9
2118.9
1384.1
1708.6
2667.3
603.1
1900.4
1736.9
2161.2
2360.5
1350.7
2075.1
2811.3
1304.5
3137.6
2748.8
3743.7
2470.6
2632.9
2780.1
3621.7
2837.1
1569.2
1413.7
2404.9
2768.0
1371.1
1376.6
1489.5
1043.9
399.1
2168.5
1950.5
1965.2
3237.6
1046.9
760.8
771.9
1438.9
1572.3
1915.9
654.5
2159.6
900.3
2341.2
2157.4
1640.6
1062.0
2118.6
707.4
517.9
1070.9
679.7
334.2
2579.1
1496.3
299.2
1558.3
479.7
866.3
2718.0
2139.7
2827.9
1283.8
1659.2
940.6
1624.8
1587.8
761.8
1856.3
665.7
715.8
2692.0
968.6
214.2
2557.2
460.9
1154.6
2035.3
3800.1
3413.3
2358.8
411.1
1238.4
1532.7
1619.5
989.9
1243.3
2294.9
