7.006685545791609E-4
7.540530350634661E-4
6.503712535905913E-4
7.346834472625055E-4
6.44438217988232E-4
7.384596046884329E-4
7.246605123034752E-4
9.439899307740718E-4
7.115390438126382E-4
6.628759979966414E-4
6.321792699001963E-4
8.579339390866903E-4
7.168349449409755E-4
7.370377491508043E-4
9.562260943476413E-4
8.0239649085268E-4
7.83899077551318E-4
3.7771308545528245E-4
7.402274230635966E-4
9.826540203366659E-4
6.370462739570061E-4
7.898894154818325E-4
6.910951652746736E-4
6.948850418441644E-4
8.488657708423639E-4
7.359058040570806E-4
6.716012688977166E-4
7.028142476896851E-4
7.884103675963339E-4
6.091908356509071E-4
7.253635453006805E-4
7.713461667449191E-4
7.75756775492688E-4
6.798404641044235E-4
6.157816027915433E-4
6.757365528425984E-4
7.822549803567083E-4
6.653261576675143E-4
6.309329203590582E-4
7.078588057635437E-4
6.833645304097216E-4
6.390131414441697E-4
6.816834617664493E-4
4.857262711677301E-4
7.03652739554666E-4
7.605351401804544E-4
7.815877872750858E-4
4.3683050976221224E-4
6.370148070552929E-4
5.308982798895731E-4
6.325110689437065E-4
3.315757124834212E-4
8.190157251019221E-4
8.516941307165339E-4
6.194422266883241E-4
6.811585618669668E-4
3.777618073599056E-4
4.265691651432054E-4
7.101824379774005E-4
6.083061438920534E-4
6.683896265929953E-4
6.310351912183382E-4
6.813639391920538E-4
7.172229128813235E-4
5.610597186490776E-4
8.409977454102995E-4
6.40775617094779E-4
7.625180038973143E-4
7.142630392685947E-4
7.162639671473593E-4
6.526834188744178E-4
7.494053631357726E-4
7.544867884547469E-4
6.303136909997069E-4
7.126974171845601E-4
6.061305778444843E-4
6.855575868372943E-4
6.811602429471533E-4
6.886841541428178E-4
5.862943470317145E-4
6.33340206792942E-4
6.728884467979287E-4
0.0
7.310870947234583E-4
6.869978195286597E-4
6.438320885912954E-4
3.75751503006012E-4
4.2929509744998716E-4
8.068040474669715E-4
7.06702682329292E-4
0.0
7.503577286846054E-4
0.0011697944148539002
8.488657708423639E-4
8.516941307165339E-4
6.194422266883241E-4
0.0
3.421244440477784E-4
2.96868042155262E-4
3.0402608155661356E-4
3.198715069350865E-4
3.848470651228164E-4
2.098335638323239E-4
2.642550942509836E-4
3.6189696950624667E-4
2.6617500032460363E-4
3.1281103369827954E-4
3.611267153518979E-4
2.7256508523853574E-4
3.5019869969700197E-4
2.6679925781297373E-4
3.4649512647072115E-4
3.440472185693752E-4
4.1810084981428543E-4
3.3030680124748426E-4
2.791658524329304E-4
2.7243388239238863E-4
3.487372467599876E-4
3.964302835859424E-4
3.833833151581243E-4
3.687557362003409E-4
3.1525851197982345E-4
2.3831164512624976E-4
3.919995624190931E-4
3.992668009654997E-4
2.9378566016730317E-4
3.348064818534887E-4
3.708997485118778E-4
3.3163096106652516E-4
3.169389460339413E-4
3.7692230374912055E-4
2.686271737593666E-4
3.010752688172043E-4
2.6062593662445975E-4
3.1596051998074147E-4
3.662218411133144E-4
3.744362181941963E-4
3.632880874533505E-4
3.167513976655422E-4
2.8373702422145324E-4
3.1940917093843966E-4
3.5256883291517026E-4
2.284942230699689E-4
3.383158024235714E-4
3.5731498562430403E-4
3.04576258280667E-4
3.2120258246876303E-4
3.085833649829092E-4
2.821796147505681E-4
3.568589920355562E-4
3.53783066655946E-4
3.8209701790645575E-4
3.0414886704547027E-4
3.8087667875536126E-4
3.7977143059014714E-4
2.8491612347291903E-4
2.630762381447054E-4
1.3627856550153542E-4
1.3458360458711E-4
1.307952962361372E-4
1.1708732429761884E-4
1.260687189126E-4
1.2743797535812968E-4
1.260687189126E-4
1.3426022615389206E-4
1.3921975064195774E-4
1.250850869486802E-4
3.858024691358024E-4
3.854905131724929E-4
4.790940766550523E-4
3.541733425530838E-4
4.1781178043526706E-4
4.121346784453563E-4
0.0014932156073492176
7.165071040917129E-4
9.361702127659575E-4
0.0013351514118515994
9.809478135763179E-4
7.518283097532637E-4
8.001669913721124E-4
9.605558961782138E-4
0.00116420595861777
0.0010961254348758518
0.0013960414469194019
0.0011826833159139666
0.0016584359106655855
8.34876039057679E-4
0.0012973227974997052
7.36473437858008E-4
7.032348804500703E-4
0.0012600806451612903
0.0012448352579722429
6.80440430533218E-4
7.14437722311738E-4
0.0011133603238866398
9.169905244312476E-4
0.00104502703439502
0.0011201143946615825
8.838755839892251E-4
0.0010524346321156275
9.462452184417153E-4
8.44526662913215E-4
6.317119393556538E-4
9.314617450827485E-4
6.947974919505168E-4
7.447125409591897E-4
0.0013573615202449028
9.128900068973913E-4
9.177756455717326E-4
0.0012427272213749083
9.614562857875396E-4
8.577928616715771E-4
5.458044870874149E-4
0.0011313380643834209
7.663903016790916E-4
6.059169103506414E-4
9.386483463812111E-4
8.77996640708505E-4
7.181988241582041E-4
7.800035454706613E-4
6.976215970667445E-4
0.0014137316368553689
6.277463904582549E-4
5.702917771883289E-4
0.0010380775686898134
8.496344595929658E-4
9.682503940553928E-4
8.726651565227079E-4
9.159697331740342E-4
7.502250675202561E-4
7.275948245863782E-4
7.285262447137424E-4
8.871683200258085E-4
8.741660915573959E-4
