7.652817193329294E-4
5.317027781470158E-4
6.373655557030939E-4
6.275066161023653E-4
7.171588039038383E-4
6.873555822048028E-4
7.440240620547728E-4
5.230368682876935E-4
6.960627061707471E-4
6.639731020258243E-4
4.331398027831536E-4
6.380027739251039E-4
5.27648796960743E-4
5.511160099200882E-4
5.713705274384824E-4
6.676310225881829E-4
4.902267559505184E-4
4.556382813711804E-4
4.1400759350512957E-4
5.158222880082532E-4
5.731707317073171E-4
4.583134066634784E-4
4.6655681073676274E-4
5.944688550012923E-4
4.993896348906891E-4
6.284934877376909E-4
5.92805610211392E-4
5.550562985674262E-4
6.965686422968593E-4
6.022992117736402E-4
5.255154523905362E-4
4.456750554723208E-4
6.290539029299932E-4
5.251610493884792E-4
7.040000000000001E-4
5.557888496405899E-4
6.834335702569711E-4
6.9379505897258E-4
7.357880930292075E-4
7.493321170261288E-4
5.767476795965448E-4
6.665740869323704E-4
6.13446752821855E-4
6.91699604743083E-4
5.540780141843971E-4
4.308150236948263E-4
6.570877869283337E-4
4.2000763650248187E-4
6.390905876913872E-4
4.766345456429385E-4
6.828113619810634E-4
7.147622224340036E-4
6.036390813188077E-4
5.797474877608864E-4
5.139090604401742E-4
5.914515535460807E-4
7.056513468736577E-4
4.965830357776254E-4
6.428387760349704E-4
4.139490741675585E-4
6.57241339019688E-4
6.708268330733229E-4
6.33820671004817E-4
6.454944487477408E-4
7.483663709706858E-4
5.642934325849442E-4
6.928128200494005E-4
4.2066886349295386E-4
6.378816658634082E-4
6.429489927132448E-4
6.293266205160479E-4
6.594792980846427E-4
7.017648639770658E-4
6.52246458150047E-4
7.133278169315491E-4
6.273525721455459E-4
6.338028169014084E-4
6.689708997658602E-4
6.423249307716464E-4
6.988233764545277E-4
7.118262481790491E-4
6.836082627433496E-4
0.0
5.79403466344216E-4
6.876345371920592E-4
6.951739479700921E-4
6.081379920389209E-4
3.6131123130488097E-4
6.305548883017055E-4
6.336633663366337E-4
6.315434922951694E-4
5.707005016855573E-4
5.303184167174418E-4
4.6655681073676274E-4
5.139090604401742E-4
5.914515535460807E-4
0.0
5.951278863702489E-4
3.3761467889908254E-4
3.480737283442766E-4
4.7437372575142824E-4
3.19693094629156E-4
3.09462982959783E-4
1.7147578294283622E-4
2.680630883361386E-4
2.7611658854587574E-4
2.7864467231386537E-4
3.425881792183031E-4
3.265839320705422E-4
3.141448975887634E-4
2.3388994414991635E-4
3.557122751666435E-4
2.6988566661759655E-4
2.818272655069048E-4
2.914934604075839E-4
3.404499992434445E-4
2.625056469238001E-4
2.8864097090767517E-4
3.317629885210006E-4
3.238664673642252E-4
3.0961981566820276E-4
2.885092792635633E-4
3.038036213391664E-4
3.1911725076942714E-4
3.5908741690884193E-4
2.827831119295015E-4
2.9380341880341884E-4
2.3485784919653893E-4
2.73552175073392E-4
2.4098417938862315E-4
3.3627831616275876E-4
3.0858694608643176E-4
2.1849879825660957E-4
2.7135639431960615E-4
2.6985090737367606E-4
3.4791828890472015E-4
2.9274004683840755E-4
2.749279152417354E-4
2.992871524187844E-4
2.513762851612579E-4
3.4112654962975287E-4
2.707164080554638E-4
3.124409631900949E-4
2.707525690726725E-4
2.772655171969101E-4
2.4233905657405276E-4
2.6711542057322973E-4
2.4466750313676284E-4
2.1587719995909695E-4
3.314051578693662E-4
3.068896731624981E-4
2.953535516264583E-4
3.03469204772743E-4
2.95785696832521E-4
2.649708532061473E-4
2.69487722640729E-4
2.551179142554912E-4
2.3321181770200437E-4
1.2860596846010072E-4
1.3253361114022057E-4
1.1679641027591116E-4
1.2002833839794371E-4
1.2172046342300075E-4
1.326323912414392E-4
1.3079122747566987E-4
1.2780220865453323E-4
1.2841659484849697E-4
1.268721011200151E-4
3.7939075396972277E-4
3.3091202582728003E-4
3.169161180656593E-4
2.780720338983051E-4
4.704357280254244E-4
4.7940636985159237E-4
6.605019815059445E-4
7.826810990840966E-4
8.323559456698574E-4
6.388647237929535E-4
6.782419967444384E-4
7.887000788700079E-4
7.523682500598475E-4
5.018984855758739E-4
7.186324577230054E-4
6.556708241053736E-4
6.03085553997195E-4
7.835922594712455E-4
6.070253062105433E-4
8.81868026532725E-4
5.444062260275668E-4
0.001124887511248875
7.456154569326028E-4
6.587808163026292E-4
7.558700546799615E-4
7.60346138527825E-4
0.0012068681770804762
6.645175885080873E-4
7.644197359277276E-4
8.394466951348588E-4
8.488657708423639E-4
8.160093258208665E-4
5.925106651919734E-4
0.00102018667245496
8.483820143012968E-4
7.610098269529828E-4
7.653696913602221E-4
8.003748096669658E-4
5.72053289942032E-4
6.439061814993424E-4
5.473120895159329E-4
6.537695759412797E-4
6.02426134341028E-4
7.111701118907642E-4
9.576151219918394E-4
9.481037924151697E-4
7.034147589205782E-4
0.0011533420707732635
6.798900351769192E-4
9.398120375924816E-4
9.029877115150564E-4
4.632422649314832E-4
0.0010035122930255895
0.0011734526798384455
6.576689923367265E-4
4.19743193482533E-4
4.6766580384138514E-4
6.433773202650168E-4
7.948537838737106E-4
0.0011035972574434112
6.079766536964981E-4
8.849898033783523E-4
0.0010506120957427371
4.620655456881395E-4
6.41399416909621E-4
5.741127348643007E-4
4.4172691976844205E-4
