8.560727661851257E-4
0.001114620100315809
8.194762181172534E-4
0.0011203117389186556
8.311350413760704E-4
0.001128722382324688
9.810194071230539E-4
6.362402443162538E-4
7.163323782234958E-4
0.0010670177987649836
9.039411835603231E-4
4.8704663212435236E-4
6.439338504317285E-4
0.0012498641452016084
5.337027616279071E-4
6.417752930773838E-4
0.001062934585234067
9.155645981688708E-4
8.631071858691288E-4
4.846335697399527E-4
5.487577059592753E-4
6.443659998879363E-4
9.44647666519275E-4
5.206446939514667E-4
6.06279507752638E-4
0.0010359427078641564
9.637071970473652E-4
7.017858209400945E-4
0.0010602579961123874
7.533145841703495E-4
9.21806741212777E-4
8.269018743109151E-4
9.754856221901771E-4
5.866493584302761E-4
0.0011088113542282673
8.679479231246125E-4
9.085035936364371E-4
5.892520427404148E-4
9.41186313059483E-4
8.19305824519589E-4
0.0011029588068862991
7.413854237178866E-4
9.491189699995872E-4
5.017103762827822E-4
8.951304901336729E-4
5.421924290220821E-4
0.00102777170347693
5.604425059090134E-4
9.840367373715286E-4
6.239427636504811E-4
7.864579432252266E-4
9.50168918918919E-4
2.811955612251896E-4
5.897284685008077E-4
4.8455338360082253E-4
9.267268009390831E-4
8.616168427361953E-4
4.575562140491546E-4
0.001191863544867041
4.559679993367739E-4
7.940989623773558E-4
7.20195625230295E-4
7.564296520423601E-4
9.183673469387755E-4
7.68509840674789E-4
6.547602463013012E-4
7.30251460502921E-4
5.123096627294721E-4
8.961287239126971E-4
8.997840518275614E-4
7.817774777015743E-4
9.471256794597265E-4
9.667996873328672E-4
6.789187823670581E-4
8.926658573162894E-4
7.61587002248495E-4
7.906110544994553E-4
7.115538557324557E-4
7.727975270479134E-4
9.003727124251434E-4
8.94379965888764E-4
0.0
9.645628014258754E-4
7.322073611246704E-4
8.709811792327792E-4
8.289781942692376E-4
9.495036685369013E-4
6.316929370713513E-4
4.075784897364325E-4
8.847469623687625E-4
0.0010897203051216853
9.59007984299032E-4
7.094125460363461E-4
6.06279507752638E-4
5.897284685008077E-4
9.267268009390831E-4
3.5351439418391964E-4
3.2454600439612316E-4
3.501870147674609E-4
3.3553213969559384E-4
3.5304772284218763E-4
1.8814997263273128E-4
2.649055580882443E-4
3.134364870650113E-4
3.059892291791329E-4
4.5320197044334973E-4
3.2201405152224824E-4
3.349510227171227E-4
2.4775146773975583E-4
3.6575863110856666E-4
2.66757202444466E-4
3.105327047398583E-4
3.0667075561007477E-4
3.815564109956079E-4
3.032953391265094E-4
3.0461024057125045E-4
3.015545135171811E-4
3.151617021964346E-4
3.518821603927987E-4
3.4655619852028564E-4
3.4578146611341634E-4
3.177541687965406E-4
3.4747424829737616E-4
3.3779006740090184E-4
2.4291040560388657E-4
3.2015486560941104E-4
3.30181599879934E-4
2.777046975942003E-4
3.2822056421915523E-4
2.8017090425159347E-4
3.263901252151208E-4
3.4095041823251304E-4
2.5511916750587445E-4
2.9375148624263874E-4
2.6644167147741904E-4
3.655161610359772E-4
3.5104515717249087E-4
3.30203115184511E-4
3.3758900073655785E-4
2.9901623658164635E-4
3.448507889513171E-4
2.894580779983621E-4
3.409505383846874E-4
3.198929812571794E-4
2.979201019856721E-4
2.855225776978315E-4
3.107133979617201E-4
2.8840607575466253E-4
2.5155234274668677E-4
4.013939316535606E-4
3.2456994482310943E-4
3.3259255899738467E-4
3.12544395510726E-4
3.1297309887038543E-4
2.6695141484249865E-4
3.0114434852439266E-4
1.3127877193084818E-4
1.375357433007299E-4
1.2304416999553606E-4
1.1936022917164E-4
1.2108003390240951E-4
1.2983410742001925E-4
1.2911783175946522E-4
1.2859556111504043E-4
1.2593612519729992E-4
1.3108145110079288E-4
1.2906194412178957E-4
4.021973710025505E-4
4.008917396745932E-4
3.7610695114028797E-4
3.3313239633237093E-4
4.520886495609717E-4
4.6162491971740526E-4
0.0010295434198746643
0.0011092754307292895
0.0018753729434830794
8.06728458633711E-4
7.958685578861732E-4
7.876834944504118E-4
5.775846914944376E-4
0.0013946587537091988
0.0015530142594945646
0.0015600624024960997
0.001030502885408079
9.280041436464087E-4
8.457374830852503E-4
0.0013969873663751214
7.575496711545747E-4
0.0012678199132247704
7.083461656914074E-4
7.537183438295592E-4
9.3357699030669E-4
0.0010588122052170566
7.975834917187076E-4
0.0016264971166642026
0.002106107712365861
0.0012113551377258122
0.0017056176513282045
0.0019169329073482429
6.932462410648262E-4
9.904745848436315E-4
0.0015238371671141427
9.082293476543988E-4
0.0015176113503211689
0.0011129207383279043
6.345535563201534E-4
8.147839955620277E-4
6.298286865972456E-4
9.633489512633009E-4
9.152556475433708E-4
0.0014252232849813137
9.088753655259622E-4
7.716676143286492E-4
8.050056716308683E-4
0.001383473776883411
6.392795597309466E-4
0.0013081718993542641
0.0016118859065106172
6.336575302092544E-4
0.00142847867021622
0.001033355762760742
8.273976545075184E-4
4.781465301775662E-4
5.069439532196835E-4
7.374631268436579E-4
0.0015237420269312543
0.0022869907456653546
0.0010959798526256881
9.531878839228976E-4
8.589753378636329E-4
0.0011619095731245264
6.429557144649353E-4
7.238032571146571E-4
6.223182994333628E-4
