3.2101011181852226E-4
3.4086067319982955E-4
3.212980440981565E-4
3.3137390502535727E-4
3.133258861673432E-4
3.373141183900787E-4
3.311496652508818E-4
3.321425408166278E-4
3.315837001918953E-4
3.4424724602203185E-4
4.2886342068764144E-4
3.163191948238677E-4
3.595856349364222E-4
3.337105713705348E-4
3.3364473508608035E-4
3.4175830852421166E-4
3.2737959283114825E-4
3.711835226106048E-4
3.411602414821187E-4
3.4258557350282814E-4
3.4407443975705346E-4
3.5196501317996643E-4
3.5034806318451155E-4
3.1887755102040814E-4
3.347387613241411E-4
3.521281746555746E-4
3.115495883094726E-4
3.1770588722822334E-4
3.383895599464462E-4
3.401754436756319E-4
3.1664719872778193E-4
2.924017321321656E-4
3.031364518215133E-4
3.1805266952207286E-4
3.2439914070272064E-4
3.03092925535579E-4
3.237316911743547E-4
3.2467074151974133E-4
2.990119604784191E-4
3.218763994626063E-4
3.019944484424797E-4
3.5242290748898676E-4
3.3134038229316995E-4
3.220358390107059E-4
3.7315964448062964E-4
3.466945989407374E-4
3.14153670012985E-4
2.935995302407516E-4
6.154492779729202E-4
3.4473776947002314E-4
3.220521724519372E-4
3.2175932402562883E-4
3.3295351968865147E-4
3.243009512827904E-4
3.174557365694579E-4
2.6126534933927365E-4
3.170889822148313E-4
3.236473650882994E-4
3.3494495252519365E-4
3.746782654025347E-4
3.125434088067787E-4
2.8827330991392023E-4
3.153513013497036E-4
3.247315552476619E-4
2.750053659583602E-4
3.2707028531663186E-4
3.017382748442112E-4
2.666153185312458E-4
3.2216494845360824E-4
3.2263615245633657E-4
3.403873173134026E-4
3.1020868584320365E-4
3.332560565665932E-4
2.9229794904272425E-4
2.8652531417833866E-4
3.4343489848064404E-4
2.90207567507808E-4
3.2127711221852556E-4
3.140210394096404E-4
3.1631777987094233E-4
2.943391060305291E-4
3.000153496225388E-4
3.167040744667667E-4
0.0
3.321059851274276E-4
3.2305639440971973E-4
2.981791195101911E-4
2.7402622822470153E-4
3.5533445855911875E-4
3.206818408562918E-4
0.0
3.235612810016855E-4
3.5007224895350743E-4
3.5196501317996643E-4
3.220521724519372E-4
3.3295351968865147E-4
0.0
2.1343726800296956E-4
2.0805297825625044E-4
2.2128789555211326E-4
1.594433975938542E-4
2.2656750233955572E-4
1.9461792961907964E-4
2.1411238521197126E-4
1.5787962874366088E-4
2.157517541555664E-4
2.3982815791120097E-4
2.1927473662667745E-4
2.1568155370972272E-4
2.1350546176762661E-4
1.7802305398549113E-4
1.774469479124959E-4
2.1357969502806338E-4
2.2479193676550543E-4
2.1995639975364885E-4
2.1908684602576462E-4
1.9436960963350027E-4
1.7671747294013696E-4
2.174836634364442E-4
2.295134315251666E-4
2.222042663219134E-4
2.1651434692435674E-4
2.0934322053610472E-4
2.146080001674989E-4
1.9990204799648172E-4
1.968398260651719E-4
2.1717937085549366E-4
1.8793201444784654E-4
2.2922497828394944E-4
2.098023763956975E-4
2.0007431331637464E-4
2.3715585451566308E-4
2.0593686564090497E-4
2.1283388315419816E-4
2.320266366578883E-4
1.918990517378565E-4
1.8993440314271946E-4
1.9293506857964712E-4
2.1037181996086106E-4
2.4306437891526999E-4
2.341574030711592E-4
2.1370919645342134E-4
2.250250340350364E-4
2.176278563656148E-4
2.2601620362321359E-4
2.2632519356759976E-4
2.2101445635466793E-4
2.143121553957956E-4
2.1678294115328527E-4
1.9640577432976532E-4
2.247366672529362E-4
1.9978364892652832E-4
2.254330411441513E-4
1.8900476873570348E-4
1.7216226746767427E-4
1.973744142028604E-4
2.3680143576449472E-4
1.156063424208482E-4
1.0713627235535356E-4
1.1911555316708865E-4
1.0331985478864047E-4
1.1701319908885723E-4
1.0323435639380785E-4
1.177159957726878E-4
1.2522122416268742E-4
2.1885575804161462E-4
2.4754567519592337E-4
2.8224306259381376E-4
2.9453428519334073E-4
2.3739435951001804E-4
2.3776541857051294E-4
3.9677063207286774E-4
3.707794256863364E-4
3.641238683195684E-4
3.8582147137533043E-4
3.399715934846333E-4
3.057891444853708E-4
4.960424439795544E-4
3.77449405717957E-4
3.880618076624568E-4
3.889471370108567E-4
4.101647950998979E-4
3.991904788429046E-4
3.981103030946441E-4
3.850403455318579E-4
3.514471813936052E-4
3.642957757880932E-4
3.725250859978124E-4
3.359035040842813E-4
3.8224307184432286E-4
3.4643746803701936E-4
3.8448679371447676E-4
4.003679978192722E-4
3.4458428367490935E-4
3.775547873947042E-4
3.573492290380463E-4
3.5414945106835086E-4
3.5472109023114613E-4
3.367224585667121E-4
3.573811112170018E-4
3.8765444317975616E-4
4.1535905482739525E-4
4.104094767279172E-4
3.924506760854829E-4
3.395335104812518E-4
3.676650816216481E-4
2.760865458666938E-4
3.472605875017758E-4
3.4489786320096577E-4
3.744900560938297E-4
3.7716047358236855E-4
5.285282332407385E-4
3.5570502352503684E-4
3.1238648746821645E-4
3.822121776123371E-4
3.198310102197164E-4
5.501100220044009E-4
3.739715781600599E-4
3.6578311613188607E-4
3.588057609185427E-4
3.463216222589012E-4
3.393460424710425E-4
3.773584905660377E-4
3.5508074227313426E-4
5.058605798889574E-4
3.370769301484671E-4
4.002838376303197E-4
4.1100051821804466E-4
3.729319229726065E-4
4.1436961769898744E-4
3.316871821331171E-4
6.224619853573229E-4
3.67050459778997E-4
