9.418043401483341E-4
7.43402304547144E-4
9.677029152050321E-4
9.664271608050757E-4
9.155686477449145E-4
0.0011014764471525662
7.844053539837778E-4
6.445698570487295E-4
0.0010711624441132638
0.001042637206619637
0.0010392309690828785
4.922496857980729E-4
9.915502672874633E-4
6.515884277895225E-4
6.916498993963782E-4
8.341056533827618E-4
5.673313698034861E-4
5.055362383171808E-4
6.338008762986028E-4
8.429719662811213E-4
8.349321395580189E-4
5.412377069946337E-4
5.266894135427878E-4
5.971135277975404E-4
8.902306858646849E-4
8.542658766221964E-4
7.42449134335903E-4
9.409646933682443E-4
8.079719903043361E-4
9.079066829826707E-4
0.0010366722819748608
6.233256412296757E-4
8.025968466861667E-4
8.045771500089397E-4
6.280179752700478E-4
0.001053814809610791
9.053497942386832E-4
9.444257891202148E-4
0.0011473038359854342
8.16297558205565E-4
9.882352941176472E-4
0.0010928442459374702
8.00996796012816E-4
5.225529084819838E-4
9.70748123220295E-4
5.343567073911248E-4
9.825647029309697E-4
5.853906846525833E-4
0.001065542716423565
6.779558876702423E-4
8.696732513355697E-4
8.639225925357088E-4
2.767390688067821E-4
6.276607357275406E-4
8.732099196646874E-4
9.251810136765888E-4
4.8781620943575934E-4
0.0010159389533571138
5.054489866364219E-4
4.5041356154287127E-4
8.490566037735849E-4
7.875169407714003E-4
8.061337823797069E-4
9.662458129348106E-4
8.732322371783949E-4
7.007812965945011E-4
7.946379215035931E-4
5.190610761866312E-4
9.083568833266048E-4
9.279881217520416E-4
0.001048031039557597
8.598452278589855E-4
9.658995464471695E-4
7.384256079131749E-4
9.763718023823472E-4
8.158508158508159E-4
8.634584388671425E-4
7.672634271099744E-4
8.396462290554914E-4
0.0010005584512285926
0.0010192471792926897
8.876538921693489E-4
0.0
8.568661053572759E-4
9.526176275679257E-4
7.9852361855414E-4
4.2691919583947837E-4
6.908576504260289E-4
9.591942768074817E-4
9.101941747572816E-4
0.0
8.662718078891171E-4
6.968951098721865E-4
5.971135277975404E-4
6.276607357275406E-4
8.732099196646874E-4
0.0
7.923093175575745E-4
3.637686431429611E-4
3.3890994238530985E-4
3.6584986144409505E-4
3.4455457157937954E-4
3.6745910020449893E-4
1.8719739965793931E-4
2.745358428888832E-4
3.134446874608194E-4
4.2371320142957147E-4
3.220485429267143E-4
3.360163731614559E-4
3.4819480338600103E-4
2.576353756792205E-4
3.8123021332316716E-4
2.762951334379906E-4
3.1839298377643024E-4
3.1772783157662073E-4
3.9775137887144676E-4
3.0077081264076773E-4
3.1630671452951214E-4
3.1520882584712374E-4
3.3149734802121584E-4
3.6657516495882417E-4
3.432640418941789E-4
3.499440089585666E-4
3.6182940949440375E-4
3.4708769210900167E-4
2.4780719447678104E-4
3.173431734317343E-4
3.340064068501678E-4
2.7531044875603143E-4
3.251233089623015E-4
2.778549597110308E-4
3.407841132642471E-4
3.5468259848353486E-4
2.5309710936459304E-4
3.0148589476706626E-4
2.751378555296977E-4
3.8457312383254587E-4
3.4774361811428124E-4
3.270685088866907E-4
3.451359364949877E-4
2.963797216994413E-4
3.4879368428216556E-4
3.00291502482898E-4
3.482683772313474E-4
3.1714911774881793E-4
3.079787995989113E-4
2.8311769202457463E-4
3.1087277531670164E-4
2.8875199905230113E-4
2.495862123321861E-4
4.035808629292633E-4
3.375682808568097E-4
3.399153301813912E-4
3.229737070041253E-4
3.2844943306771767E-4
3.0950415846612916E-4
3.102856070773982E-4
2.752158094701089E-4
1.3306916639559984E-4
1.391684844875687E-4
1.2262660484004356E-4
1.2137215663520856E-4
1.2300741958389945E-4
1.3127979902256224E-4
1.313119255103259E-4
1.2998906910100742E-4
1.2551811086875268E-4
1.328664308533568E-4
1.290361301164326E-4
4.1720937805275147E-4
3.957910995269813E-4
3.723197210986817E-4
3.300174437791712E-4
4.7951920208004776E-4
4.896012942503779E-4
0.0010028340963592762
0.0012090965219180903
0.0016203874199013037
8.195863704530394E-4
8.749416705552964E-4
8.783837738561049E-4
5.850779679987789E-4
0.0011840580440368822
0.0013425276133520474
0.001394108376772942
0.0010031655446074278
9.047679165088582E-4
8.272362954520387E-4
0.0014798610217475227
7.423403968146849E-4
0.0013177159590043923
7.764237248084258E-4
8.183306055646482E-4
0.001039041429013574
0.0011214762705816384
8.505247918928701E-4
0.0013813889237724477
0.0014222824246528955
0.0012795549374130736
0.0015846257585974378
0.0016303082058846364
7.152166311707301E-4
0.0011098517049211297
0.0014527845036319614
9.35720097640358E-4
0.0013426590894897894
0.001160815402038505
6.723643318192684E-4
8.279020609476837E-4
6.38442767152829E-4
9.518864659051576E-4
8.931471256901593E-4
0.0011978279386712094
0.001024088338750612
8.73603384063635E-4
8.880277710502947E-4
0.0014445173998686802
6.942138782409223E-4
0.0015099916468547196
0.0016905549430356486
6.227371469949311E-4
0.0014992503748125937
0.0012107901109421637
8.562600052120174E-4
4.793237178090549E-4
5.360927565141503E-4
7.963672100037277E-4
0.001514617823177175
0.0012637805861790805
0.001071112559959018
8.378952072394145E-4
0.0012171888230313294
6.311770682594906E-4
7.917941335252835E-4
8.05654227853664E-4
6.104221551114824E-4
