7.935458272715249E-4
5.309499579664617E-4
5.980861244019139E-4
5.807200929152149E-4
7.259871847479562E-4
6.261824189293613E-4
7.352251040265307E-4
8.237835462966352E-4
6.545433848430518E-4
6.067177858673483E-4
6.399085066986167E-4
5.821900470814559E-4
8.35282325425994E-4
9.034907597535935E-4
6.191354117938417E-4
8.74288477993973E-4
6.204115396546376E-4
7.962886026866084E-4
3.746413494398655E-4
6.017857642679206E-4
5.555030257186083E-4
7.896724575980224E-4
6.779367643664898E-4
5.814835414875866E-4
7.666098807495741E-4
7.585049383513009E-4
5.630495723219207E-4
6.011507743394498E-4
6.228504888022314E-4
5.326326255237554E-4
6.033894747888136E-4
0.0010692510692510693
6.688487263412551E-4
7.930633393253675E-4
0.0011191802626343017
7.102502017756256E-4
6.322000561955605E-4
5.342134004463649E-4
6.279520572255439E-4
7.403354041265652E-4
6.194987222838853E-4
5.622469888550152E-4
6.104828628739207E-4
6.725146198830409E-4
4.1665877540198105E-4
6.399499416934498E-4
5.9986366734833E-4
6.125055386139131E-4
4.3024430393954127E-4
6.104177970699946E-4
5.844307644354399E-4
6.105361088498664E-4
3.2508206339893115E-4
6.289835625628983E-4
9.712837837837837E-4
7.457605136020233E-4
5.424039342365363E-4
4.739978331527628E-4
5.868391539083488E-4
3.7459342908306833E-4
7.773631840796019E-4
7.151886102055752E-4
7.949687312299049E-4
6.437952444991273E-4
5.746159883394999E-4
8.818011257035647E-4
7.427021441487986E-4
6.994365649893142E-4
6.514186450492183E-4
6.586072651699206E-4
6.830601092896175E-4
6.724332915609623E-4
6.432306960874794E-4
7.36705043859649E-4
7.402143660804168E-4
6.961018297533811E-4
6.941659210810476E-4
7.686148919135308E-4
7.392561440399527E-4
6.322971502514483E-4
6.278655491633326E-4
7.732132051368251E-4
0.0
5.784708249496982E-4
6.919374247894102E-4
7.272609735600233E-4
4.2322885138254757E-4
6.822168799948022E-4
6.307987489158147E-4
6.448099959878489E-4
0.0
5.818201499201688E-4
8.214485458612975E-4
6.779367643664898E-4
9.712837837837837E-4
5.424039342365363E-4
0.0
3.6382043088993636E-4
3.132787468850125E-4
3.1560145579565143E-4
3.9536562725616255E-4
3.509348306552775E-4
1.9539402982423422E-4
2.634182696632101E-4
2.617770590220009E-4
3.263522333844145E-4
3.3108596195521314E-4
3.8512229772521097E-4
2.7401355121562374E-4
3.7859459103553844E-4
2.642166576592806E-4
3.7848867825171137E-4
3.5709751142712034E-4
3.2478322607933774E-4
3.827189063139719E-4
2.9515938606847696E-4
2.885511771408278E-4
3.5746944883198933E-4
3.4168202911448735E-4
3.6370102159575846E-4
3.772319557381172E-4
3.342869581441632E-4
3.5640281806879404E-4
3.8856214345007865E-4
2.6267765304429573E-4
3.2050780944638133E-4
3.088087701690728E-4
3.3571384972227314E-4
3.804338636863196E-4
2.4238094630624194E-4
2.7209650355992926E-4
3.3537218327291314E-4
3.1706727865684264E-4
3.198427309888601E-4
3.320103225027542E-4
3.634621421136976E-4
2.824858757062147E-4
2.92072718983302E-4
3.437809193204876E-4
3.6064143853998924E-4
2.2078657617616849E-4
3.026676021847098E-4
3.913003913003913E-4
2.7332486026266517E-4
2.8663972253274863E-4
2.7522547317610196E-4
2.530600285025506E-4
3.3128039874113455E-4
4.047614667083694E-4
3.6956777369013426E-4
3.2231126477870405E-4
4.169612588604267E-4
3.355390473812348E-4
3.23767708514301E-4
2.5268232001243973E-4
2.769235253822273E-4
2.543334507180029E-4
1.424817148465947E-4
1.3886556521514474E-4
1.29090363254278E-4
1.2047697126771157E-4
1.2887881290897057E-4
1.316750260357438E-4
1.2973074972579638E-4
1.3150281416022302E-4
1.4442518775274407E-4
1.2877567277802068E-4
4.1728581024691106E-4
3.377988696096363E-4
4.0957664668429095E-4
3.136575457043852E-4
4.5987818337898045E-4
4.5203514081877314E-4
0.0010322696467842556
6.993215093441257E-4
7.389741694938028E-4
0.0012609325535225626
0.0011526639344262295
8.735011514333361E-4
8.128644636861635E-4
7.172287501907524E-4
8.089127477295291E-4
7.854386504115014E-4
9.070020558713267E-4
8.088484255671344E-4
0.0010533214737137775
7.848757848757848E-4
8.904719501335709E-4
7.897785110042473E-4
7.979461559811268E-4
0.0014279367899980961
0.001356812933025404
7.058521560574949E-4
8.992117548021734E-4
7.840342124019958E-4
6.783164830905391E-4
0.001068276823037622
8.025956284153006E-4
7.222699914015478E-4
0.001295709761013533
0.0011803706866241397
7.028582903808822E-4
6.193451098664369E-4
6.851061117838251E-4
6.440869674500439E-4
0.0010740369468709723
0.0012807237451632242
9.777932293251054E-4
6.988786174910258E-4
8.753083472586935E-4
7.097344016150401E-4
0.0010508521039886691
5.989722896503893E-4
0.0011415525114155253
8.257018465695842E-4
6.688768684929913E-4
0.0010344220441940311
7.838058887677207E-4
5.681217630271641E-4
8.432996013492793E-4
7.844997445814785E-4
0.0014961295778312626
6.306977810905339E-4
7.430447554864351E-4
0.0017046278833599306
6.86615782582314E-4
7.048024913948532E-4
0.0010680361768849703
0.00106630017534714
6.00016000426678E-4
7.558330594807755E-4
5.726576903737639E-4
0.0012967110691972181
6.350479628329823E-4
