6.688776789944539E-4
6.517665589441381E-4
7.55929320608523E-4
7.365420949819066E-4
6.458678498216843E-4
7.402973790322581E-4
6.036010582282383E-4
8.079574834817581E-4
7.264687302590018E-4
7.13245113512201E-4
7.919485233459824E-4
5.501451446764678E-4
7.389083432389887E-4
8.169044766365319E-4
7.418397626112761E-4
8.046634718546599E-4
6.131607785837291E-4
4.295892707460184E-4
8.356647167823274E-4
7.861635220125786E-4
7.141120700133706E-4
6.301957629391258E-4
5.95207287407484E-4
7.072561471092787E-4
7.352941176470588E-4
6.750351880044811E-4
7.044786857725283E-4
6.352538253328177E-4
7.112857336404281E-4
7.733952049497292E-4
7.904617614122917E-4
6.850113682737714E-4
6.366543108570782E-4
6.864779106663413E-4
6.668840214588458E-4
7.096224808401931E-4
6.323656223052601E-4
6.814671229972438E-4
6.849723032938233E-4
6.046743959828587E-4
7.511016157030311E-4
7.582906443785387E-4
6.83283324916075E-4
5.679031466997083E-4
6.172113802022102E-4
7.053954917390351E-4
7.643400618420595E-4
7.836467920501534E-4
4.831222299241708E-4
6.3500127000254E-4
6.310285765798252E-4
5.317891751359017E-4
3.163482608561464E-4
7.415049326197691E-4
8.213777242361186E-4
6.827559592721227E-4
6.953028430160692E-4
4.0956430159535054E-4
7.119577255323862E-4
5.87465619909744E-4
6.79614583018697E-4
6.022577663239866E-4
6.93032711143966E-4
7.190336188163109E-4
5.622754326778024E-4
7.353861559644512E-4
6.159284451823684E-4
6.517252615952786E-4
7.160588122971167E-4
7.180698283015255E-4
6.867059961919032E-4
7.513393440480857E-4
7.564053044933694E-4
5.94678320517785E-4
7.247637270249898E-4
6.075158388057975E-4
7.223113964686999E-4
6.392329204954055E-4
6.977176879186305E-4
5.83335594324009E-4
6.348175268690208E-4
6.816834617664493E-4
0.0
7.329275676364679E-4
6.886227544910179E-4
6.151742993848256E-4
6.641108461375918E-4
3.6387694343367516E-4
5.562619198982836E-4
8.089524066334096E-4
7.084605938474134E-4
7.524322810947014E-4
8.516961438098E-4
7.072561471092787E-4
7.415049326197691E-4
6.953028430160692E-4
0.0
7.05970945373537E-4
3.3392859735470476E-4
2.9715273650656436E-4
3.061330832160909E-4
3.606315756463929E-4
3.1375166889185583E-4
2.072968490878939E-4
2.4844289857752E-4
2.874207840278167E-4
2.808988764044944E-4
3.623473808586057E-4
2.9665987944821267E-4
3.398688861363705E-4
2.5561976173139785E-4
3.39628770986843E-4
2.504268639726807E-4
2.841863228873331E-4
3.197908845693946E-4
3.5306301782575945E-4
3.36063523821433E-4
3.091079002228452E-4
2.660458929165281E-4
2.7273490167557135E-4
3.479977987115988E-4
3.787812054051197E-4
3.595512800025568E-4
3.525761564497931E-4
2.9973093920341275E-4
2.5698030216102507E-4
3.6462926531442917E-4
3.721622627465576E-4
3.269154665427829E-4
3.619350282485875E-4
3.0371596482969127E-4
3.003700012287864E-4
3.5317939943805236E-4
2.9202695195088246E-4
2.9606083271004735E-4
2.8256189451022606E-4
3.1633652180462454E-4
4.214478649834294E-4
3.48473516012783E-4
3.407102259528271E-4
3.53438068814392E-4
2.9020795877631334E-4
3.006129571516556E-4
3.3956125527109625E-4
2.1656842620666275E-4
3.762355918869926E-4
3.349744484606756E-4
3.370578222694103E-4
3.5898908673176336E-4
3.4429181821391994E-4
2.912680892813343E-4
3.573168751015105E-4
3.295633285896188E-4
3.572008442929047E-4
2.955598844629543E-4
3.571428571428571E-4
3.580707481180468E-4
2.694886288944393E-4
1.3183490753978486E-4
1.3288338401443793E-4
1.3112794427977214E-4
1.1573616670524537E-4
1.2519918051445483E-4
1.2640191211619784E-4
1.2504191746096706E-4
1.299616468739892E-4
1.3460318979647998E-4
1.2125487775303691E-4
3.741831854853429E-4
4.396782841823056E-4
4.390866996646975E-4
2.995805871779509E-4
3.9818729972126895E-4
4.0253327608415625E-4
3.9757307565988485E-4
0.0012051349227141734
8.378792740756588E-4
9.393279535459631E-4
0.001087258258536134
8.242060148723396E-4
6.986123019275349E-4
6.708081780266573E-4
9.636676781760027E-4
0.0011690934211924754
0.0011002678913126674
0.0014086270581606462
0.001617270949300436
0.0011842105263157896
9.768113479996603E-4
0.0011713342562027474
8.083929148852082E-4
6.329462270900985E-4
0.0010288536284237962
0.0010266043423179415
7.506739004333437E-4
6.846122472761172E-4
0.0011178293785884866
9.201647533082115E-4
0.0010985336963270766
0.0011243481173149612
8.868243243243244E-4
8.726341917468197E-4
8.74288477993973E-4
8.720930232558139E-4
9.346606964309002E-4
8.301947920463288E-4
6.419950352383941E-4
0.0011019412923192347
7.452798940046373E-4
0.0012631337199288052
0.0012809315866084425
9.64712944303906E-4
7.970336486814292E-4
5.605215800808331E-4
9.378063856089348E-4
7.971303308090873E-4
5.561466292678208E-4
9.610665794209063E-4
8.926838734717639E-4
9.098218441877195E-4
8.573321382642922E-4
6.994144437215354E-4
0.001134010452618085
6.182032764773654E-4
5.157359431970831E-4
8.817680387227497E-4
9.717074934466239E-4
8.11099989645532E-4
8.387732030195835E-4
9.600204804369161E-4
8.045896592737703E-4
7.491146826477799E-4
0.0010388138634431958
0.0013467619159152125
9.406131087263244E-4
0.0010139822819938092
