0.0010850400108504
6.995656863030868E-4
8.947211452430659E-4
8.907133452095113E-4
0.0010571310382865285
0.0010060792876102405
6.893382352941177E-4
0.0010272443054935238
9.567624786255192E-4
7.471856009032644E-4
9.120107855188547E-4
6.973716836102157E-4
7.447276666328155E-4
8.038298024364975E-4
5.963256191636216E-4
9.555281283592786E-4
6.72298383560843E-4
4.746029541139973E-4
8.304364619544226E-4
7.789452749511087E-4
8.695008695008696E-4
5.139308052311595E-4
5.316742081447964E-4
5.521546032889209E-4
5.896374357044285E-4
8.255859865752539E-4
7.957469863199242E-4
8.14219388815744E-4
8.873799143485473E-4
7.985701791078831E-4
8.407661938879952E-4
9.533645825057598E-4
6.632048315177513E-4
8.913009031849152E-4
7.503001200480191E-4
6.704410011918951E-4
0.001027866605756053
0.001050821551394727
8.705072155375867E-4
0.0010113891209709335
9.111075899223577E-4
0.0011612056343716867
9.909867396536267E-4
4.916860361165743E-4
9.750812567713976E-4
5.366769936330593E-4
9.059367771781033E-4
5.484940261846278E-4
9.470095542741697E-4
6.962279914596033E-4
9.101941747572817E-4
8.205090803004887E-4
2.8447330807765425E-4
6.690519824301131E-4
8.096437567470313E-4
0.0010421386497507928
5.234688536032107E-4
9.309060819197352E-4
4.7452605263767034E-4
4.4585858176438405E-4
9.489666807254323E-4
8.98191084931278E-4
8.956649814895905E-4
9.559823249490143E-4
9.0687900906879E-4
7.51591134422874E-4
8.991399530883502E-4
5.553670050291567E-4
9.551706571574121E-4
9.707062427197032E-4
9.466029861021472E-4
9.70095744232148E-4
0.001052867383512545
8.348866107486798E-4
0.0010715816545220746
9.150326797385622E-4
9.460539040491106E-4
8.597220232124946E-4
9.20659601456688E-4
9.349858664927157E-4
0.0010221060137865462
0.0
7.96812749003984E-4
9.067827348567283E-4
0.0010583958400441765
9.947666623415941E-4
7.742791829511099E-4
4.6013553082908053E-4
9.410288582183187E-4
8.874426859931962E-4
0.0
8.009835332687579E-4
6.925003683512598E-4
5.896374357044285E-4
6.690519824301131E-4
8.096437567470313E-4
3.805615765176961E-4
3.435191980388177E-4
3.708789040922936E-4
3.592503133885713E-4
3.749592435604825E-4
1.8640592431919473E-4
2.852139768114404E-4
3.0231370757530967E-4
4.084894769558653E-4
3.092099309179764E-4
3.517692393789674E-4
3.550744078147932E-4
2.664556553194238E-4
4.037425175979075E-4
2.8685799225483424E-4
3.066629495400056E-4
3.268206039076376E-4
4.1441806494391543E-4
3.0059419783292555E-4
3.2596500803541646E-4
3.2022543870885103E-4
3.382832558462286E-4
3.7246851341752853E-4
3.4129151057209976E-4
3.609008084178109E-4
3.7419547971860503E-4
3.643326780993696E-4
3.274843112167185E-4
3.442071501212548E-4
2.7602237233965277E-4
3.2604373757455263E-4
2.7594199699223224E-4
3.569979716024341E-4
3.6182359089812654E-4
2.5369865940287346E-4
2.8470764084131104E-4
3.1406565467733495E-4
3.9976394890636004E-4
3.4872477689539845E-4
3.2448517656742166E-4
3.5603890534220196E-4
2.971635736891372E-4
3.504273504273504E-4
3.0590166380661045E-4
3.6793017883117994E-4
2.033382841785133E-4
3.1796502384737684E-4
3.183157396029196E-4
2.8383287920072663E-4
2.9860551225775625E-4
2.895150993259495E-4
2.501711697477221E-4
4.0002909302494727E-4
3.483327527787454E-4
3.5048590090807713E-4
3.397525983352123E-4
3.394383033988105E-4
2.9704327692049905E-4
3.097848796161549E-4
2.840554808851446E-4
1.3491877889510514E-4
1.4172802721178123E-4
1.2247083485235143E-4
1.2351629812616736E-4
1.32119435970117E-4
1.3365085536547436E-4
1.321678531735304E-4
1.2497361668092292E-4
1.347103726986978E-4
1.3123359580052493E-4
4.4232511975143477E-4
3.7657518645064104E-4
3.726224149319964E-4
3.3094318808604527E-4
5.114798817913162E-4
5.221932114882506E-4
0.0010209517045454543
0.0010643597989039358
0.0014102564102564104
8.89949253957434E-4
9.197187704381948E-4
0.0010146665436767829
6.166715821647854E-4
0.0010745313214449018
0.0011950027159152636
0.001241833594298364
0.0010111905082917621
9.115963536145855E-4
8.430755395683453E-4
0.0012647786637338466
0.0012871117212974086
8.617136862612866E-4
8.918661804344378E-4
0.0010999297917154225
0.001080709338311146
9.460547504025765E-4
0.0012256950247924675
0.0012508934953538242
0.0014666496620329037
0.0013944104907138196
0.0014090177133655394
7.641365257259297E-4
0.0013194834362717574
0.0012282138261785005
8.448738199316753E-4
0.0011920603237968507
0.0010097029995567157
7.297139521307647E-4
8.997626158205069E-4
6.833920544283805E-4
8.542030673655602E-4
8.996483192933672E-4
0.0010813668476954872
0.001177856301531213
9.100488552543346E-4
9.71130926105765E-4
0.0014070094653364034
7.616146230007615E-4
0.001768512944009633
0.001415558838010832
6.25964421929135E-4
0.0014588859416445625
0.0012732441075447116
9.351874440920549E-4
5.013216662109198E-4
5.689787493053166E-4
8.626385727920124E-4
0.0012201350661142955
0.0013256875077074855
0.0015003511460128967
0.0012424761168479761
7.628152969894223E-4
0.0012098258902740518
6.346552738305315E-4
8.536727329168446E-4
7.911961447169677E-4
6.139330489853948E-4
