5.64002538011421E-4
5.980861244019139E-4
5.309499579664617E-4
5.807200929152149E-4
5.228461013866788E-4
5.856989756498766E-4
5.744399210769499E-4
7.856419567722336E-4
5.686355167324026E-4
5.326326255237554E-4
7.129205472802839E-4
6.481454202633827E-4
8.317700775138923E-4
5.821900470814559E-4
7.06880301602262E-4
6.191354117938417E-4
6.017857642679206E-4
8.533972473399427E-4
8.130081300813007E-4
5.555030257186083E-4
5.20038062360309E-4
6.204115396546376E-4
8.050684308166193E-4
0.0011807858506682745
5.814835414875866E-4
5.428380032801275E-4
5.630495723219207E-4
5.637432552146252E-4
4.994028878514819E-4
6.033894747888136E-4
6.194987222838853E-4
7.548018243720691E-4
5.409043921436643E-4
7.17497369176313E-4
5.342134004463649E-4
5.096249623572471E-4
5.612932195779075E-4
5.435307759203787E-4
5.481802798102819E-4
5.192694105163343E-4
4.952479777374242E-4
5.470980019029496E-4
4.1050137144776373E-4
5.586453471049757E-4
5.909689204072314E-4
6.125055386139131E-4
5.15806606909516E-4
4.43953355300803E-4
5.060119033276306E-4
3.5665199464152126E-4
6.289835625628983E-4
8.00417609187402E-4
5.467598535634479E-4
5.042242789592811E-4
3.65026942464801E-4
5.627532389575309E-4
4.947600413799307E-4
4.40968273493165E-4
5.41620528621636E-4
5.44275640115481E-4
5.361866406119677E-4
5.074225295603124E-4
5.445041382314506E-4
5.671649315620983E-4
4.572014808867478E-4
6.484010705515548E-4
5.204326379146491E-4
6.130581383467866E-4
5.653124293359463E-4
5.665651046256893E-4
5.237222367700622E-4
5.898797158318586E-4
5.957360509037444E-4
5.069559066257958E-4
5.763290147079164E-4
4.889861686769431E-4
5.471789883268483E-4
5.512932420636743E-4
5.491689243611335E-4
4.7808587756554215E-4
5.089118753994367E-4
5.414185165132647E-4
0.0
5.784708249496982E-4
5.505158093779171E-4
5.202673017781581E-4
3.5239091899280265E-4
4.771859661879658E-4
6.307987489158147E-4
5.60566047137376E-4
0.0
5.818201499201688E-4
8.277854098418402E-4
0.0011807858506682745
8.00417609187402E-4
5.042242789592811E-4
0.0
5.837787348866172E-4
3.045268579448409E-4
2.669676119747109E-4
2.7454553951119213E-4
3.2374943171642305E-4
3.3791725434884816E-4
1.9444076185425784E-4
2.40280366163836E-4
3.200935229771481E-4
2.7979142820806313E-4
3.1867431485022306E-4
2.3970015689464812E-4
3.1090744420563145E-4
2.4240020273471504E-4
3.699593044765076E-4
3.053000081413335E-4
3.527828826463639E-4
3.3910602189205386E-4
2.5018138150158866E-4
2.4412534271442342E-4
3.073580077482809E-4
3.4381296574663385E-4
3.358810533229832E-4
3.246003808644469E-4
2.81053099427436E-4
2.1823423130798433E-4
3.5982661378052244E-4
3.7718521433959787E-4
3.469976814245832E-4
2.603702739369356E-4
2.407833484937664E-4
3.224740840949489E-4
3.699524611087475E-4
2.8308927606351497E-4
3.309115510192076E-4
2.40415032266228E-4
2.4061597690086623E-4
3.077373974208675E-4
2.80883847841207E-4
3.1893212190985885E-4
3.2808888226083067E-4
3.1949809753405563E-4
2.799512884758052E-4
2.545003103662321E-4
2.8283274237386345E-4
3.1033039361441086E-4
2.3846799863140103E-4
3.0002181976871047E-4
3.504768114760779E-4
2.703981612925032E-4
2.8342261145594195E-4
2.727577910815196E-4
2.5121309481311067E-4
3.1451486082717414E-4
3.1920604750366365E-4
3.339557053296295E-4
2.8104241185487996E-4
3.743184962161282E-4
2.976276895380237E-4
3.4407707326441117E-4
2.4795114057524665E-4
1.3984449292386866E-4
1.2793659105514958E-4
1.3250747280515237E-4
1.2034484267646932E-4
1.2159197050842026E-4
1.250497356903314E-4
1.3771996939556234E-4
1.4294336266319367E-4
1.240587403710222E-4
3.3368057816264075E-4
3.33447193350575E-4
4.967822061646156E-4
3.106830588966313E-4
3.6201570343673576E-4
3.587751727580451E-4
9.703413070075516E-4
5.718039807289892E-4
6.918238993710692E-4
0.0012984860205547575
7.202996446521754E-4
5.757353710876165E-4
9.37474525148773E-4
8.089127477295291E-4
7.854386504115014E-4
9.214891264283082E-4
8.119641980437328E-4
0.0011313354786806114
6.415799603894111E-4
9.532888465204957E-4
5.791356721834702E-4
5.608935277764229E-4
9.45934583368368E-4
8.646699536389727E-4
5.41445166371333E-4
7.399943319583085E-4
7.840342124019958E-4
6.730553507900388E-4
7.588505064502292E-4
8.025956284153006E-4
6.5504226582239E-4
0.0012021157236736656
7.092198581560284E-4
6.331785563528916E-4
6.851061117838251E-4
5.422563153022087E-4
7.698887938408897E-4
0.0013194834362717574
0.0011009443656113912
6.817266276223235E-4
8.460562242818137E-4
6.550280522883262E-4
7.097344016150401E-4
4.407227853680035E-4
7.929070857060478E-4
7.172287501907524E-4
5.944981894827866E-4
4.972005447588578E-4
7.049436045116391E-4
6.667439703153988E-4
5.622973114342505E-4
6.026571702506506E-4
5.496050512538664E-4
0.0011615574970961062
7.192598162618107E-4
6.41982681397432E-4
9.797790285595164E-4
6.397857461687248E-4
7.048024913948532E-4
6.670640665360925E-4
6.884166417240347E-4
5.876054425321877E-4
5.762822279572048E-4
5.625840445676335E-4
6.976596689287753E-4
0.0017727639000805803
6.325953054769436E-4
