6.909457319706348E-4
7.192735337309317E-4
5.76950814943026E-4
7.018614586512054E-4
6.691298402816163E-4
7.462923560608467E-4
5.135930973087722E-4
7.308780069274523E-4
7.188083075887804E-4
7.120302148473778E-4
5.180392788893237E-4
5.404077622205846E-4
6.111639277468423E-4
5.078226294407468E-4
4.57029502713005E-4
7.218479307025986E-4
5.252773720757424E-4
5.06831203173204E-4
6.021734259466726E-4
6.261991046685141E-4
4.3735576565175316E-4
4.070180300327347E-4
4.285767525062422E-4
4.731321347319254E-4
6.73578164353072E-4
6.70662100456621E-4
5.749376131526154E-4
7.918201535442558E-4
5.811057612485472E-4
6.525563184474833E-4
7.206125206425461E-4
5.042593824431904E-4
5.916226236491283E-4
6.270728240573006E-4
5.03029354557446E-4
7.177491387010336E-4
6.556986170720078E-4
7.476757037903907E-4
6.292921830966647E-4
6.832675372001215E-4
6.130648022539915E-4
6.561297095532486E-4
6.818181818181819E-4
7.40907773088941E-4
5.421790669591148E-4
6.782215523737754E-4
4.621169155796417E-4
6.897361392386488E-4
6.090133982947625E-4
7.95784112612294E-4
7.678918808231802E-4
6.150421743205248E-4
6.263919821826281E-4
5.251831736434902E-4
5.049839722478372E-4
7.013497085502323E-4
6.598387698310238E-4
5.287541544969283E-4
7.19930886634883E-4
3.8304169931226606E-4
6.385514814394369E-4
5.924333856879116E-4
6.200055111600992E-4
6.760207913950064E-4
6.29568208341011E-4
5.537750966160806E-4
6.106140653622534E-4
4.130335016062414E-4
6.471654154801968E-4
6.570685979616272E-4
7.248611967921037E-4
6.18272770705112E-4
6.802922298796178E-4
5.68873366142774E-4
7.022077411381383E-4
5.876262696924757E-4
6.240465954791291E-4
5.921247409454259E-4
6.277376335686186E-4
6.873401534526854E-4
7.016055345255188E-4
6.487096319277957E-4
0.0
6.361323155216284E-4
6.736768108725579E-4
6.097560975609756E-4
3.391851334128191E-4
5.416559195254063E-4
6.989951944080384E-4
6.480974738600686E-4
0.0
6.203294959462189E-4
5.336785211427534E-4
4.731321347319254E-4
5.049839722478372E-4
7.013497085502323E-4
0.0
5.860138038807137E-4
3.199955478880293E-4
3.604961738247006E-4
3.368644371496968E-4
3.005076661423767E-4
3.1685241565526456E-4
1.7444534310227257E-4
2.87030238301849E-4
3.20243669850126E-4
3.628447024673439E-4
3.299480130691603E-4
3.1406138472519634E-4
3.015439047925378E-4
2.2573981092580684E-4
3.328605748357405E-4
2.8865330114411674E-4
3.255738238645613E-4
2.791736460078168E-4
3.380154735972358E-4
2.628490390728153E-4
2.757506188356911E-4
2.943124126260025E-4
2.8714475040494773E-4
3.131919356718331E-4
2.9148590021691974E-4
3.028549123066776E-4
3.155768745266347E-4
3.1010211734841054E-4
2.5223787791686707E-4
2.7987138933364573E-4
2.907322488139446E-4
2.577004977688562E-4
2.783850948546286E-4
2.4303403691687024E-4
3.3045437476530233E-4
3.063975815017567E-4
2.3535240926545272E-4
2.6619638638405486E-4
2.6364686385778135E-4
3.334444814938313E-4
3.068511492970319E-4
2.808565439574742E-4
2.983455383780852E-4
2.79041214387365E-4
3.1613848407741535E-4
2.6193396708576103E-4
3.0889029366128385E-4
2.932238630911127E-4
2.7314767760951316E-4
2.621163272260229E-4
2.9856985041650495E-4
2.715423606082549E-4
2.8594161818091396E-4
2.3231359890445795E-4
3.3993633919465993E-4
2.926738416102383E-4
3.1824264777882954E-4
2.944364887110374E-4
2.726073946340721E-4
2.9140482465031417E-4
2.8435161369540777E-4
1.2646986082694427E-4
1.3071021241929404E-4
1.1879174977484819E-4
1.2387230879855945E-4
1.2539756728719464E-4
1.3520905163142013E-4
1.2506182033164123E-4
1.233667919026524E-4
1.3147665431929392E-4
1.2628672137220346E-4
3.5476334688933113E-4
4.126990517987639E-4
3.1748322389782814E-4
3.135404691162638E-4
4.06908400397866E-4
4.155374887082204E-4
6.917709335899903E-4
0.0013119696292987941
9.698893444429749E-4
6.254158349966733E-4
6.300226808165093E-4
6.414368184733804E-4
4.664557475460371E-4
8.058708549089538E-4
8.365019011406844E-4
8.70849267350725E-4
6.817975212872337E-4
6.55707706852908E-4
5.998080614203455E-4
0.0013118120116352022
5.793590182498091E-4
0.0010787227922140184
6.053268765133171E-4
6.181828172651593E-4
7.205494572882812E-4
9.91571641051066E-4
6.245515188561406E-4
8.538383916789568E-4
8.797285409073772E-4
8.222508222508223E-4
9.406019852705731E-4
9.530725242806572E-4
7.872960568193239E-4
5.427441142416055E-4
0.0010515247108307047
9.153220656477499E-4
0.0013550135501355011
5.320784165346324E-4
6.302464665969373E-4
5.106093271303756E-4
9.366485013623978E-4
6.493314837224404E-4
8.007687379884688E-4
7.459782044628957E-4
9.096131750287245E-4
6.50444963486385E-4
0.0010089429030038983
7.387896697931389E-4
9.194053208137716E-4
0.0011117018705592342
5.350255070299863E-4
0.0011073639704031813
8.00953693700406E-4
6.431227805273606E-4
4.1813965864598784E-4
4.3942119032047087E-4
6.118039103381845E-4
9.88460300675831E-4
9.227071799493584E-4
8.71403144467517E-4
9.097893332255065E-4
7.323026851098454E-4
0.0010642728240248022
5.375075382154749E-4
5.822878619448416E-4
5.847953216374269E-4
5.058303604706884E-4
