5.852516582130316E-4
5.982053838484546E-4
5.310439438863566E-4
5.808374160311126E-4
5.418777241135587E-4
5.858157796335535E-4
7.003455037818657E-4
5.745547200919287E-4
5.687456133981946E-4
8.058155882453794E-4
5.82307964960251E-4
7.070580101816354E-4
6.482982171799028E-4
6.192717364379489E-4
8.750698194004841E-4
6.205398696866273E-4
7.39621185323343E-4
6.019205464878636E-4
5.556080953281634E-4
8.52252121563792E-4
8.464907438077362E-4
9.090205786786323E-4
5.816011733171496E-4
5.629281847362622E-4
5.631575163555322E-4
5.638643503477163E-4
4.994896518774295E-4
6.0351613749672E-4
6.196266749283556E-4
7.42566435997093E-4
5.749329244921426E-4
6.755133901765341E-4
5.343148895749229E-4
5.270849804738974E-4
5.614052597435001E-4
5.436358364743404E-4
5.482848220458175E-4
5.498314647032105E-4
4.953414317726147E-4
5.472021317091739E-4
5.500035106607064E-4
5.327335148573459E-4
4.105626574601101E-4
5.587563325717692E-4
5.910959456191731E-4
6.126332803253474E-4
5.159012221126728E-4
4.5673223311613176E-4
5.061094642469814E-4
3.693693693693693E-4
6.291242590314283E-4
7.012622720897614E-4
5.468638546768747E-4
5.043146923680376E-4
3.813466986271519E-4
5.62865862810827E-4
4.948490710333348E-4
4.410501636528239E-4
5.417248519285406E-4
5.44378698224852E-4
5.666364460562103E-4
5.266251898300103E-4
5.759336524432386E-4
5.672793283412752E-4
4.5728306937318754E-4
6.485442251966331E-4
5.511358190357519E-4
5.642987021129851E-4
5.654260799638128E-4
5.666792595391009E-4
5.238219957618039E-4
5.900007695662211E-4
5.958568929232485E-4
5.381996595574246E-4
5.76435323956652E-4
5.130460275579009E-4
5.472854640980736E-4
5.715782704994166E-4
5.46116504854369E-4
4.8026448053253514E-4
5.090082625062147E-4
5.677610466551468E-4
0.0
5.785872408935399E-4
5.506212444040123E-4
5.395424679871469E-4
5.146319212145314E-4
3.8956439617518593E-4
5.054638232320801E-4
6.309314124976997E-4
5.606777971592325E-4
5.819461361483286E-4
8.280187449349918E-4
9.090205786786323E-4
7.012622720897614E-4
5.043146923680376E-4
0.0
5.727522655534059E-4
3.108864318347706E-4
2.716418279025547E-4
2.757406864183045E-4
3.449845123974222E-4
3.3363311961472623E-4
1.9445451090271086E-4
3.2012916515881186E-4
2.403028988735069E-4
2.849298036574626E-4
3.252056022085074E-4
2.3972801766722844E-4
3.2161085087044675E-4
3.9338430225597344E-4
3.049937645719243E-4
3.5282919784692133E-4
3.4530941329521546E-4
2.5469920024451123E-4
2.4890545422054296E-4
3.032055169301499E-4
3.438569555065093E-4
3.359211704986563E-4
3.24637848444624E-4
2.8636121470431537E-4
3.436810639726334E-4
3.560536867037169E-4
3.4704147145583897E-4
2.6039882135270336E-4
3.2251467048440127E-4
3.4076774974016455E-4
2.883506343713956E-4
3.309504898067249E-4
2.4043937131431752E-4
2.51899743901927E-4
3.292981245687763E-4
3.1897182156249515E-4
2.809139065760608E-4
3.2812802959118233E-4
3.1953522149600586E-4
2.7998264107625324E-4
2.5452558913361973E-4
2.917069838920826E-4
3.1036623215394165E-4
2.3806566472073858E-4
3.0005455537370434E-4
3.403568205923792E-4
2.7042741052233054E-4
2.8345474644972927E-4
2.7278831626657715E-4
2.6271034110863763E-4
3.145508357043794E-4
3.3847195298316874E-4
3.339962653144879E-4
2.9805451688072406E-4
3.5435315143204893E-4
3.182735600062102E-4
3.4412113063798455E-4
2.3660741369896257E-4
2.6330376940133035E-4
2.517590859208573E-4
3.3528265107212477E-4
1.4313796591407905E-4
1.2983875837912918E-4
1.3522948128486876E-4
1.2123416378735529E-4
1.2370531145623645E-4
1.2830831321225696E-4
1.3758270249116414E-4
1.1976648321041022E-4
1.4527938840605914E-4
1.273417556578238E-4
3.422884907582107E-4
3.3349058905825506E-4
4.837822979659154E-4
3.1071983428275507E-4
3.769475624057631E-4
3.7310406358990995E-4
9.70668917493142E-4
5.719153078607934E-4
6.919979869149473E-4
0.0010604214611254006
7.429665830141328E-4
6.519677572309152E-4
8.091507594983266E-4
0.0011092890903829458
7.174039136673079E-4
9.217911426113319E-4
8.122095878508556E-4
0.0011317907444668008
7.856532877882151E-4
6.417231662063E-4
8.712871287128714E-4
5.792549494117344E-4
5.809841366070526E-4
8.604864616796695E-4
8.649245491350755E-4
6.732279678132914E-4
5.415517920441119E-4
8.611528454688703E-4
7.842578069299872E-4
7.590508564073793E-4
8.028149767696093E-4
6.552057658107392E-4
0.0011111111111111111
7.661461219965442E-4
6.333313227577055E-4
5.145298762891209E-4
6.852808057627335E-4
5.423710876524591E-4
9.088338651694471E-4
0.0010743839436748502
0.0012565620462414834
6.818956699624957E-4
8.463165993460282E-4
7.044194664788215E-4
7.09913548305673E-4
4.4721666470519004E-4
7.931357704232461E-4
5.946267365803557E-4
5.094130675526024E-4
7.051128180508881E-4
6.668986314080259E-4
6.155872415965183E-4
5.969825246933681E-4
5.632695834424941E-4
9.637948374120012E-4
8.052413894074157E-4
7.217671545588827E-4
9.250511730436152E-4
7.049873758074565E-4
7.171849726859341E-4
7.217950729640671E-4
5.877282344643836E-4
5.763977645791042E-4
5.62707584200269E-4
8.160237388724036E-4
0.0013569357922654662
6.327638458720485E-4
