7.429420505200594E-4
5.208220307719016E-4
6.217938753303279E-4
6.117672092775827E-4
6.966741382443811E-4
6.68905840828874E-4
7.203948376812483E-4
5.500281125479747E-4
6.767492496910492E-4
6.46741523557904E-4
6.505651784988208E-4
4.6651050144916036E-4
6.217392479658313E-4
5.551306407441217E-4
5.839881078785306E-4
5.580080353157086E-4
5.334120210641003E-4
5.699594964953554E-4
4.955760769714257E-4
5.414567540844672E-4
5.477651183172655E-4
5.625179874937861E-4
4.810841794955781E-4
5.602841952173187E-4
4.967280737749174E-4
4.8696589166563056E-4
5.864953080375357E-4
5.858888057840938E-4
6.574162144016115E-4
6.495615459564793E-4
6.737754862901335E-4
5.41558140134616E-4
5.877843087145412E-4
5.754585302544261E-4
5.980702267350682E-4
6.708622176788167E-4
6.351267430700615E-4
5.494371321823643E-4
5.774709339629905E-4
6.644027757271519E-4
6.833783741807225E-4
6.746055024344458E-4
7.458330631039626E-4
7.269968707525998E-4
5.126293223972411E-4
6.394770498792099E-4
4.376454673854663E-4
6.231107811422814E-4
5.734945767360678E-4
6.732495511669659E-4
0.001166830887310066
5.877084965856935E-4
5.659950192438306E-4
5.588221001992322E-4
5.985634477254589E-4
6.858097027164028E-4
6.247025226082818E-4
6.259737369241041E-4
4.954922292316244E-4
3.825554705432288E-4
6.396224805981181E-4
6.516533810202163E-4
6.174194610614127E-4
6.284916201117318E-4
7.234613212874082E-4
5.944250518541003E-4
6.736768108725579E-4
4.424996312503073E-4
6.21272365805169E-4
6.260782458678835E-4
6.127963009386926E-4
6.421173120410954E-4
6.82544292767935E-4
6.372825088182115E-4
6.946373992775772E-4
6.101635819507801E-4
6.174025190022775E-4
7.167388382857996E-4
6.222689308036949E-4
6.780409347503862E-4
6.902751468841301E-4
6.649705100034693E-4
0.0
5.659588080415364E-4
6.687796225756738E-4
6.754931099702783E-4
6.158324935617512E-4
3.991774525220757E-4
6.209343583678297E-4
6.182698748003503E-4
6.152584085315833E-4
5.567640356328983E-4
5.568456471257287E-4
4.8696589166563056E-4
5.588221001992322E-4
5.985634477254589E-4
0.0
6.234068491632496E-4
3.330051543406498E-4
4.312964378835108E-4
3.8369852725075925E-4
3.32711307844754E-4
3.150809825163574E-4
1.7434442533699986E-4
3.077583738906384E-4
3.1269543464665416E-4
3.0992589327529684E-4
3.3784280027614975E-4
3.750234389649353E-4
3.3046926635822867E-4
2.4623925501432664E-4
3.5289604909858073E-4
3.0911466749097247E-4
3.1468131365144757E-4
3.0657265105367686E-4
3.356605800214823E-4
2.6945057148586326E-4
3.045066991473812E-4
3.507418189470731E-4
3.18872336598368E-4
3.1749782181726894E-4
2.9028555998109767E-4
3.0898529230008654E-4
3.30721855570091E-4
3.53519575118799E-4
2.908589131346474E-4
3.0927110423841994E-4
2.4875296212408844E-4
3.5705784337062603E-4
2.772368278697393E-4
2.4727380628570015E-4
3.9863738493875483E-4
3.209792005478045E-4
2.2103046730494058E-4
2.78621751071367E-4
2.9843693654484635E-4
3.425663110502105E-4
2.966718808997249E-4
2.7704949049922964E-4
3.0776117732639476E-4
2.551931812381973E-4
3.358563517808578E-4
2.8398465097593747E-4
3.2127433839900774E-4
2.7411256058510575E-4
2.918736933561402E-4
2.4529944930273633E-4
2.697344464374823E-4
2.4865154355227417E-4
2.1834813886941628E-4
3.267634084394077E-4
3.244550629737781E-4
2.892788796748209E-4
3.026634382566586E-4
2.768121539848075E-4
3.1132407482606454E-4
3.1381946821864665E-4
2.6686801098715126E-4
1.3126039144765629E-4
1.3281360999746727E-4
1.1931187569367369E-4
1.2776725169525327E-4
1.2911025428851447E-4
1.3897926050398935E-4
1.2909737462884504E-4
1.317815062626166E-4
1.3106312582642583E-4
1.301106242889303E-4
3.728832057042036E-4
3.4785264622537454E-4
3.2685564865989183E-4
3.0593959878206904E-4
4.616805170821791E-4
4.705112206697624E-4
6.892211800665248E-4
8.925519389266589E-4
8.036823262950245E-4
6.777607937011507E-4
7.592117694695641E-4
8.626436105556209E-4
5.483371081177733E-4
6.984900725240756E-4
7.288629737609329E-4
7.592011883149034E-4
6.752701080432173E-4
6.204189992497258E-4
6.436847375196681E-4
9.396192499387204E-4
5.744125326370758E-4
0.0011508951406649615
7.544199166858005E-4
7.432365474184917E-4
8.311229000884173E-4
0.0012361633983255607
6.909732431637754E-4
7.401675470174613E-4
7.352426300679225E-4
8.115164773128219E-4
8.209033429978693E-4
7.871654546817603E-4
9.815387185698773E-4
6.599595224826211E-4
8.641619686432658E-4
0.0010419970099216234
7.528274799537798E-4
9.286943915919179E-4
6.285969715594792E-4
6.834375454413262E-4
5.988502076014053E-4
6.849315068493151E-4
6.193170621850632E-4
6.90586538166416E-4
0.0010634854579923245
0.0012571957917025078
7.931357704232461E-4
0.0010990108901988212
0.0010053765790969096
9.056574687837213E-4
9.193013309884486E-4
4.7340144442487226E-4
0.0010275092242305358
0.0011160134959771605
6.999178357323271E-4
4.533091568449683E-4
5.066572404854483E-4
7.198652167253792E-4
8.051228280407429E-4
7.68076593312375E-4
0.001056797229842155
7.76826405192653E-4
9.410288582183187E-4
0.0010727611940298508
4.7267696564445464E-4
7.232321904073112E-4
4.521979198895685E-4
