4.311816172903828E-4
3.8845008416418494E-4
4.2320578381237873E-4
4.0934007261336937E-4
4.028162107254194E-4
4.1442553566704875E-4
4.0955036598117815E-4
4.618510992056161E-4
4.0620971017820236E-4
4.058091143000225E-4
4.34263380740419E-4
7.200196090446718E-4
4.1006989017258586E-4
4.647608031066678E-4
4.354280059376547E-4
4.251459667819284E-4
5.548996458087368E-4
4.8231174114538554E-4
4.1101913628629875E-4
3.990761810956764E-4
5.830108167113228E-4
5.245991378327212E-4
5.267877157587985E-4
4.0971925324212623E-4
4.166740545045125E-4
4.029561549409284E-4
3.9009529470770716E-4
3.6892082638265107E-4
4.204753199268738E-4
4.3381595358169293E-4
5.099937064606437E-4
4.1830891648694877E-4
4.7130289065772937E-4
3.8330494037478705E-4
3.9012625904383605E-4
3.970494811886779E-4
3.88078236572493E-4
3.9290045952271134E-4
4.0719495786417393E-4
3.56022717640078E-4
3.824904377390565E-4
3.923441711302924E-4
3.870967741935484E-4
3.957226775475746E-4
4.7664442326024784E-4
4.2766929334473787E-4
3.737355281298274E-4
3.520245321985105E-4
3.6155157274934144E-4
5.520695876982737E-4
4.2976658899033507E-4
4.750691948609906E-4
4.0883074407195417E-4
3.676170247528797E-4
3.977795063998303E-4
3.8871318267752713E-4
3.1842330188204933E-4
3.9293073940833365E-4
3.9089055064581916E-4
3.9744941160206674E-4
4.138996707198175E-4
3.875340218821536E-4
4.1883842144452716E-4
3.9997866780438373E-4
3.3555399145564956E-4
4.448651206814955E-4
4.0790990511660897E-4
3.712258703184293E-4
3.990564531862441E-4
3.996802557953637E-4
4.1942565457173966E-4
3.784360271097809E-4
4.138700448059309E-4
3.41627284632466E-4
3.9376568194721703E-4
4.223615076616377E-4
3.777997661239543E-4
3.8907141621995504E-4
4.2371385191200875E-4
4.028431776269851E-4
3.6183103332211374E-4
3.6546601166091556E-4
4.1694614143538236E-4
0.0
4.0822122040396153E-4
3.9409879885539997E-4
3.992547245142401E-4
2.8669226625892654E-4
3.736721293973203E-4
4.393270973292574E-4
3.966854724964739E-4
0.0
4.016064257028112E-4
5.225589824553601E-4
5.267877157587985E-4
4.750691948609906E-4
3.676170247528797E-4
0.0
2.5949117165905116E-4
2.3002446623868176E-4
2.3528705020124554E-4
2.820552828354357E-4
2.751492385543898E-4
1.7561224815607141E-4
2.6007508254556963E-4
2.011795994072562E-4
2.3948184836444786E-4
2.6836832061068704E-4
1.9268272745320145E-4
2.6692043450004643E-4
3.1550501378619733E-4
2.544529262086514E-4
2.773263163325852E-4
2.767159607192041E-4
2.1464524507120854E-4
2.09686438126371E-4
2.512797737313293E-4
2.7175286920471205E-4
2.6923537154481276E-4
2.6451294350003527E-4
2.3959970133618626E-4
2.7164299792793245E-4
2.832965868919901E-4
2.7505844992060816E-4
2.2456770716370984E-4
2.557608573602984E-4
2.5958518287776133E-4
2.4189380861801673E-4
2.6608325449385055E-4
2.2957355312667977E-4
2.65923768519691E-4
2.5352774582915936E-4
2.298951240338931E-4
2.6304147685832826E-4
2.559746817769297E-4
2.3366396784783804E-4
2.1442393180272996E-4
2.4137809228885304E-4
2.565739959404292E-4
2.2630718113832515E-4
2.5284301388872556E-4
2.1189368464692062E-4
2.600104004160166E-4
2.770582853313746E-4
2.5290524904844397E-4
2.2949465277459036E-4
2.2760963197273354E-4
2.4433527944240117E-4
2.542441437172805E-4
2.7620494406849883E-4
2.6679925781297373E-4
2.471632400853837E-4
2.898952595822987E-4
2.5751180785850663E-4
2.7576830331948077E-4
1.9695974950760062E-4
2.1749582179079191E-4
2.0734754638736776E-4
1.311013092650752E-4
1.1928341183846252E-4
1.3075631887513075E-4
1.1428868282293047E-4
1.178613521911497E-4
1.2822631659932412E-4
1.1230144842751854E-4
1.3382103666696404E-4
1.168256038253593E-4
2.750053659583602E-4
2.626151343180333E-4
3.7069488441059513E-4
2.788178124751056E-4
3.0265122472862273E-4
3.014495792812393E-4
5.709321087253319E-4
4.0742024965325935E-4
4.547145632673309E-4
6.064359629428919E-4
5.007009813739235E-4
4.495116668709902E-4
9.500598950803419E-4
4.7621942569963727E-4
5.025240412069715E-4
5.01471710454595E-4
5.487938730212933E-4
4.99291702468591E-4
6.169454346037839E-4
4.386717781465163E-4
6.059938298810048E-4
4.1739324008459165E-4
4.2403348020869815E-4
5.264635687210445E-4
5.498748157334395E-4
3.8879561721304233E-4
5.531103631699108E-4
4.928094619416694E-4
4.39486846786514E-4
4.899141585191812E-4
5.124067855741137E-4
4.3173454493123086E-4
6.149053045830942E-4
5.184662224771654E-4
4.2212752271448097E-4
4.4825285630889836E-4
3.7692831007409857E-4
5.631335252158678E-4
6.109767828822505E-4
7.219174126479931E-4
4.503305835874972E-4
5.16613831161207E-4
4.8621681041772363E-4
4.6599287548670373E-4
3.325282649025167E-4
4.936055642809064E-4
4.225812028197691E-4
4.882102420276306E-4
4.5029171071694267E-4
5.326396630744456E-4
4.2714299582564805E-4
4.070196694621661E-4
5.685469916448311E-4
9.140388051019985E-4
4.862053369516056E-4
5.899186665327844E-4
4.28397792256959E-4
4.5660160978614053E-4
4.955714888232813E-4
4.8368373532826003E-4
4.1003772347055926E-4
4.1183949003527494E-4
4.674495496522631E-4
5.205375733484763E-4
6.706703655153493E-4
5.989739316128023E-4
3.754357736658622E-4
4.8762960681654856E-4
