8.105917319643339E-4
9.340702109441893E-4
0.0011639185257032007
0.0011443924768633695
7.86432332626684E-4
9.885995540784992E-4
6.808436667052961E-4
7.194934765924789E-4
9.092706068392963E-4
9.40940940940941E-4
5.321798994519679E-4
0.001077132018920058
7.265799076436206E-4
6.650544135429262E-4
0.0011251125112511251
0.0010233668770254136
5.909273787970227E-4
4.645365964196691E-4
7.27802037845706E-4
0.0010025647003963627
0.0010308826109843832
6.067334503769493E-4
5.737950304360842E-4
6.778389916063342E-4
0.001147361069540058
0.0010571775608439425
6.888667409274784E-4
8.2431366927102E-4
8.543878921030148E-4
7.378016789087094E-4
0.0010776366958721827
0.0010208856182738525
6.228465412138882E-4
9.951348960636887E-4
6.215469613259668E-4
8.878541551574462E-4
7.739665787159191E-4
9.680333863959041E-4
9.662241640060493E-4
7.026548131854703E-4
9.896635144051023E-4
7.735946364105209E-4
8.426143024618992E-4
5.223171889838557E-4
8.792497069167644E-4
6.030040565727443E-4
0.0010157769613140263
5.365182299563787E-4
8.715525255655408E-4
6.025871073140684E-4
7.70698766881973E-4
0.0011300853842290306
2.9791748412317793E-4
6.677893269844957E-4
4.644629222647665E-4
8.477769404672192E-4
8.418124588243906E-4
4.411208671175902E-4
0.0010307389252828805
4.982222524175103E-4
7.768800497203232E-4
6.841468847451156E-4
7.407895170052349E-4
9.005403241945167E-4
6.919597650712212E-4
6.761811590032803E-4
6.955154374187304E-4
5.79840865895693E-4
8.802128158985996E-4
8.837391987431265E-4
7.707129094412332E-4
9.297437141240196E-4
9.490731392108559E-4
6.467916127673656E-4
8.730879374170567E-4
7.44628040564499E-4
7.735414446316224E-4
6.985476031085368E-4
7.564805164240325E-4
8.013417815877749E-4
7.965913301222674E-4
8.106298241285728E-4
0.0
0.001135690302192376
8.507490290364342E-4
6.965512971333045E-4
8.858822581944109E-4
4.0135243608766506E-4
6.067435208459739E-4
0.0012945682075624358
8.692292833687463E-4
0.0010225435175497005
8.09395880691603E-4
6.778389916063342E-4
6.677893269844957E-4
8.477769404672192E-4
0.0
7.141043544496635E-4
3.501347257531702E-4
3.185405053210744E-4
3.354363527363042E-4
3.593132430363531E-4
3.325503070783687E-4
1.949732354922188E-4
2.5943936962266655E-4
3.049052562691495E-4
2.9855895544173456E-4
4.28297424628964E-4
3.1415107810938174E-4
3.4174273606828783E-4
2.5281931846040696E-4
3.5683256795333244E-4
2.613385284265045E-4
3.027134129561341E-4
3.135052614361267E-4
3.775357820024498E-4
3.218755614108629E-4
3.1072956411145794E-4
2.887086064035569E-4
2.993874073050527E-4
3.50054543382341E-4
3.71028698638411E-4
3.595800105476803E-4
3.545931634438088E-4
3.233034089712936E-4
2.4699867884427594E-4
3.409289123574838E-4
3.5178611404266207E-4
2.9537045673600095E-4
3.5274751117033787E-4
3.5123188157488945E-4
2.9720773334522164E-4
3.183146685186793E-4
3.494602780150656E-4
2.6995155080061946E-4
2.9119347726610926E-4
2.614777852831586E-4
3.4988337220926357E-4
3.755676192427191E-4
3.535031297960028E-4
3.456565116973306E-4
3.185017676848107E-4
3.2854143628700095E-4
2.9501921222674745E-4
3.4151920449852275E-4
2.1366727360558877E-4
3.4013079575145714E-4
3.180097029937285E-4
3.0323705556819044E-4
3.2211824960943163E-4
3.10287214575543E-4
2.659611696692283E-4
3.9809637551345385E-4
3.3136522472587064E-4
2.6888319947626226E-4
3.447681434235477E-4
3.0978061899800054E-4
3.391129983486671E-4
1.3211590969143595E-4
1.3698542857324897E-4
1.2599477268198918E-4
1.1818354769715032E-4
1.28844092791173E-4
1.2783488381552265E-4
1.281252365948971E-4
1.2888812510740676E-4
1.1995114716915294E-4
1.2775009858974999E-4
1.3345195729537367E-4
3.973022210163184E-4
4.0995080590329155E-4
4.043968971728981E-4
3.562582702812744E-4
4.3707142718390026E-4
4.463072922730624E-4
0.0012604120999561595
0.001021073213121877
0.0016038492381716118
9.385733684799105E-4
8.353133353133353E-4
7.703620701729813E-4
6.437347812701166E-4
0.0017726484121596139
0.002130544257214798
0.0018388231531819635
0.0012681772066283395
0.0011270706647095827
9.994669509594883E-4
0.001294607677586401
8.817988696941762E-4
0.0010870615518407574
6.794080288305319E-4
8.895741904874866E-4
9.858623148886185E-4
9.75653022306976E-4
7.809384554034296E-4
0.0018132366273798733
0.0016094420600858371
0.001183066714675171
0.0016728359908883828
0.001510139508125989
7.93259060781272E-4
9.288904699790506E-4
0.0013922959623417093
8.638173214151581E-4
0.0018106787940037053
0.0010394483318121894
6.487141044862184E-4
9.494949494949495E-4
7.113050075872535E-4
9.698038351333481E-4
0.0011030333416896466
0.0018451697556175167
8.513473497186852E-4
6.89079897000689E-4
8.463491574978841E-4
0.0011669230361215724
6.102738272129059E-4
0.0012639845094664373
0.0014013282154389812
7.205576781285608E-4
0.0011987794245858763
9.049964221071685E-4
9.702185100818358E-4
5.248216799064864E-4
5.202661826981246E-4
7.647499105079892E-4
0.0017406088082901553
0.0010150310988251555
9.491189699995872E-4
8.50211608222491E-4
0.0010536925050393987
7.3762233736327E-4
7.584899155318049E-4
9.725906277630416E-4
7.186353492946026E-4
