6.916625839361364E-4
4.8700310464479203E-4
5.466596815707354E-4
5.361180392065452E-4
6.364843922957715E-4
5.811509261320079E-4
6.46830530401035E-4
6.518715957816665E-4
6.076457689360915E-4
5.643476381450974E-4
5.706948209444999E-4
4.857303225249342E-4
5.260212646894236E-4
5.437609343231358E-4
6.590509666080844E-4
7.002578221981731E-4
5.566551212271152E-4
5.709704067253025E-4
3.526032439498443E-4
6.373486297004461E-4
5.372985130576034E-4
5.066511437380075E-4
5.446244408908666E-4
5.392605097184122E-4
5.61301263524972E-4
5.271239658056975E-4
7.906335161322881E-4
5.04172834738581E-4
5.70054774828364E-4
5.265269280914653E-4
5.450624451975259E-4
5.69922348080074E-4
6.469551811474507E-4
7.261812548412084E-4
6.531204644412192E-4
4.870446132865771E-4
6.209427039232289E-4
5.874366873792491E-4
5.241578530494339E-4
5.74325167927685E-4
6.155445517467786E-4
6.490757725412727E-4
6.146938557340246E-4
3.846086606877502E-4
5.941221515143514E-4
5.013902183326496E-4
5.534909464695186E-4
5.630495723219207E-4
4.043742747635289E-4
5.585898709036743E-4
5.665875242823224E-4
2.886836027713626E-4
5.253695098886217E-4
6.344302540479407E-4
5.646031467215377E-4
6.854826692099066E-4
5.010912654224756E-4
4.224927069711297E-4
5.454677689156101E-4
4.3038519474930065E-4
7.07502672787875E-4
6.228814786916592E-4
6.946373992775772E-4
5.974350123469903E-4
5.229992091231472E-4
7.090486678936729E-4
6.360619469026549E-4
5.249803132382536E-4
6.047086648032681E-4
6.10898427954712E-4
6.33150123935769E-4
6.215567170504309E-4
6.008516418924214E-4
6.860216234015696E-4
6.191861302306828E-4
6.532491367779265E-4
6.38460883629863E-4
7.858031563093445E-4
6.888106536047758E-4
5.745130000267215E-4
5.690088659520973E-4
7.249802994483845E-4
0.0
5.246470038093935E-4
6.31972303126889E-4
6.357189274715339E-4
5.02363391409586E-4
5.283888942261505E-4
5.930025696778019E-4
5.697194131890044E-4
5.990096373994996E-4
5.239812829011503E-4
6.562229482561224E-4
5.61301263524972E-4
6.344302540479407E-4
5.010912654224756E-4
0.0
6.902052210190497E-4
3.398696673710342E-4
2.9509208214290505E-4
2.9826498622904213E-4
3.9309491151182633E-4
3.6662150314816286E-4
1.8364553073558384E-4
2.5303048134635753E-4
2.5175951930715777E-4
3.134198190341219E-4
2.5232943145871026E-4
3.108398327116537E-4
3.8149818576418325E-4
2.7221433992147026E-4
3.4696032584100164E-4
2.5379246697813923E-4
3.317754313080607E-4
3.425909007856751E-4
2.9291154071470416E-4
3.2157226401830717E-4
2.7743868605038287E-4
2.7070550018047033E-4
3.3476581963129046E-4
3.06586621415432E-4
3.387278885961611E-4
2.5498081848842735E-4
3.33000333000333E-4
3.5902345619913834E-4
3.1321018588660333E-4
3.1838644710342377E-4
3.346465675910011E-4
2.4865529832092235E-4
2.909823849200153E-4
2.6848881072881285E-4
3.1491554537646727E-4
3.5319603164636447E-4
2.3039239462579425E-4
3.42952329626182E-4
2.765518592351037E-4
3.0279435937364825E-4
2.9077601736145583E-4
3.1133690899056083E-4
3.379935473959134E-4
2.670975841023518E-4
2.785023367025323E-4
3.314845657552188E-4
3.446451757690396E-4
2.052453574392518E-4
2.865852069926791E-4
3.122594512947874E-4
2.5627883136852895E-4
2.696362606843368E-4
2.602428933671427E-4
2.3090758835253512E-4
3.1828243225647776E-4
3.584638195949359E-4
3.318550698404079E-4
3.5720664404357926E-4
3.0163161660517123E-4
3.0025631636763087E-4
2.419594997022037E-4
1.3548095739876562E-4
1.3656082673289336E-4
1.2320846298875078E-4
1.16770525980018E-4
1.2574733930061617E-4
1.2785865806526605E-4
1.3595100820031764E-4
1.2570745361394962E-4
1.3526105383389943E-4
1.3505194788879257E-4
3.825911686760479E-4
3.149630494568808E-4
3.6114713462580234E-4
2.956455632047979E-4
4.2218636244230123E-4
4.069211988252362E-4
8.568661053572759E-4
6.34723422644771E-4
6.732152146638515E-4
8.309171911463122E-4
0.0013979496738117428
0.0011500862564692352
6.345527782375986E-4
6.378243404624905E-4
7.034147589205782E-4
6.894071098854984E-4
7.543500854930097E-4
6.899650203780367E-4
7.877048032488447E-4
7.028480625840361E-4
6.894606537340563E-4
7.051302140461938E-4
8.020364752240472E-4
8.836003770028275E-4
0.001073991133860427
6.363715252668422E-4
0.0012824010914051843
6.845265876349606E-4
6.200726370803437E-4
8.981217540708344E-4
7.197549770290965E-4
6.565988181221273E-4
7.414486258485468E-4
9.346909553734787E-4
6.306685086191363E-4
5.546980513216284E-4
6.122739569984337E-4
5.81593281888334E-4
8.927862868026348E-4
8.394655997713795E-4
6.961849067112225E-4
6.131720505030798E-4
6.86856072432095E-4
6.288253542382829E-4
9.945945945945946E-4
5.207762306764609E-4
0.0011066398390342054
7.317722192655669E-4
5.988803541205572E-4
9.257070826439771E-4
7.019899890123306E-4
5.128449776972068E-4
7.455605259590619E-4
6.755058439110216E-4
8.689081979599546E-4
5.136226741064133E-4
5.713222789115646E-4
8.494180582664644E-4
6.457038171607052E-4
8.911304084031702E-4
0.0010431785195936139
5.370056564595814E-4
6.794682422451994E-4
5.140807984552498E-4
9.641933645965729E-4
7.378093768864444E-4
5.118258714508916E-4
