6.969248192351251E-4
5.811138014527845E-4
7.257552390456318E-4
7.083025375708303E-4
6.749816581071166E-4
7.53422461607515E-4
5.17110615706373E-4
7.378653235379038E-4
7.254205895971601E-4
6.598821010646098E-4
7.18660167479065E-4
5.216181754955372E-4
5.443927546273385E-4
6.1615138154832E-4
5.194632949446275E-4
4.596936679642417E-4
7.283763277693475E-4
5.302364078423258E-4
5.101814471407657E-4
6.072417104445574E-4
6.178682231687437E-4
4.0912968540538663E-4
6.370290051504473E-4
4.397948871505035E-4
4.309698695847699E-4
4.7598792813595024E-4
6.795083904514299E-4
6.764147141788038E-4
5.791600946372241E-4
8.00027827054854E-4
5.859375E-4
6.581206363740413E-4
7.271184900172691E-4
5.075045891372422E-4
5.962950202740307E-4
6.323244245847736E-4
7.246376811594203E-4
5.064031869640565E-4
6.615745474228664E-4
6.895072321647463E-4
7.549894957983192E-4
6.344652561308653E-4
6.884794439708873E-4
7.480891201821434E-4
5.471003680493385E-4
6.843690117711471E-4
4.6072333563695E-4
6.958221064163681E-4
6.149568193363813E-4
8.042607949671147E-4
8.082186860160207E-4
6.204573657152988E-4
6.316321374431531E-4
5.083097595473833E-4
7.077920035232312E-4
6.655285164501287E-4
5.507474429583006E-4
7.268615732514941E-4
5.301404225607075E-4
3.899533828455962E-4
6.439979392065945E-4
5.973383713499847E-4
6.251389197599467E-4
6.821282401091405E-4
6.353830895115298E-4
5.576913949404338E-4
6.154834220878267E-4
4.1587726999676544E-4
6.527604514201166E-4
6.628369421122404E-4
6.234944027207029E-4
6.863417982155113E-4
7.315858290268352E-4
5.733944954128441E-4
7.081350555177883E-4
5.925675103699314E-4
6.292474200855776E-4
5.965104140776457E-4
6.330004220002813E-4
6.93951326576722E-4
7.084953535886114E-4
6.542082657792189E-4
0.0
6.414189302247754E-4
6.796087817273882E-4
6.14720507076116E-4
7.074864934396708E-4
3.4127575080665176E-4
5.458515283842796E-4
7.051150218879455E-4
6.537087073999826E-4
6.25709379820145E-4
5.373147978781781E-4
4.7598792813595024E-4
5.083097595473833E-4
7.077920035232312E-4
0.0
5.905976848570753E-4
3.2132778227947134E-4
3.6934441366574334E-4
3.4407531589042303E-4
3.0165718906845695E-4
3.181585536235492E-4
1.7586493572935985E-4
2.9105972816375155E-4
3.2614748230053295E-4
3.219160442956477E-4
3.645585671263274E-4
3.2075581734414185E-4
3.0275303425818776E-4
2.266639192252215E-4
3.343023255813953E-4
2.9263491134492347E-4
3.2734198309725034E-4
2.801871162654712E-4
3.3953551541491243E-4
2.638101548504258E-4
2.768085900786651E-4
3.0078354112462964E-4
2.858986012960736E-4
3.1455742501828823E-4
2.959435092017784E-4
3.040745996351105E-4
3.169014084507042E-4
3.167820833947252E-4
2.5332265057969645E-4
2.8096127961527905E-4
2.9188170830403464E-4
2.578823784898951E-4
2.805605737121585E-4
2.439173120312214E-4
3.3787415723434647E-4
3.0764602931524827E-4
2.363419245696089E-4
2.7058412347655497E-4
2.6463694331728714E-4
3.0623608017817377E-4
3.350297538328999E-4
2.8200789622109416E-4
2.995561123063098E-4
2.799552071668533E-4
3.1759802934295937E-4
2.6293512556755505E-4
3.1021845150492017E-4
2.945508100147276E-4
2.7418573213966896E-4
2.632826075509452E-4
2.996164908916587E-4
2.7243007628042137E-4
2.332776740988115E-4
3.415088481837939E-4
2.8724507000037463E-4
2.938387359591831E-4
2.9561548487658056E-4
2.8545107757781786E-4
3.2696177062374246E-4
2.9250922039933863E-4
2.7211056548372397E-4
1.266820561905298E-4
1.30947450483592E-4
1.1901401044001971E-4
1.2465340273386195E-4
1.261431725007884E-4
1.3607630169353143E-4
1.2485598996611865E-4
1.243865481602099E-4
1.3175155094488777E-4
1.2649830211167832E-4
3.5660236227320956E-4
4.077978913865128E-4
3.185082233032199E-4
3.1848582738068157E-4
4.0911322435769227E-4
4.1091974558707926E-4
6.980273141122913E-4
0.0013771683075480543
9.828009828009828E-4
6.304155377310406E-4
6.353240152477764E-4
6.470588235294118E-4
4.692919812283207E-4
8.1419117901812E-4
8.460887624028922E-4
8.807873472982804E-4
6.935026507212428E-4
6.528406157957063E-4
0.001334493762692196
6.046111678400602E-4
5.827814569536424E-4
0.0010943579766536965
6.101119422781048E-4
6.232859636000997E-4
7.271939596484714E-4
0.00101010101010101
6.295373570146535E-4
8.638291188942987E-4
8.90849700929029E-4
8.3110500831105E-4
9.519565745766832E-4
9.66139124033861E-4
7.952353558255221E-4
5.466737936731619E-4
0.0010674528541656078
0.0013104666400774883
9.270837825018326E-4
0.0013822399029060752
5.35854628593203E-4
6.353240152477764E-4
5.140859551717047E-4
8.843510069542149E-4
6.558745490862475E-4
8.093525179856115E-4
7.481621234792791E-4
9.276890776817538E-4
6.562266964951529E-4
0.0010229227693309157
7.751937984496124E-4
9.302509698361176E-4
0.0011279486047766172
5.395638316560846E-4
0.0011242270938729624
8.169313777642677E-4
6.485267164810375E-4
4.208432167725151E-4
4.4211392144766605E-4
6.16587516070632E-4
0.0010006050169870154
9.346606964309002E-4
8.811398575178103E-4
8.568164508758568E-4
7.559075820817037E-4
0.0010791535682447332
5.423136954048834E-4
5.869170846227724E-4
5.038985837797698E-4
