7.252508159071679E-4
6.30450772302196E-4
7.917395176986771E-4
7.821001088139281E-4
7.027192178429575E-4
8.075323872031889E-4
6.291160250575575E-4
5.312116347152705E-4
7.908943984044564E-4
7.754495957762746E-4
7.777057679844458E-4
4.246783287552407E-4
8.011704054618921E-4
5.339345040341718E-4
5.581348149275694E-4
6.866245536940401E-4
4.8003268307629456E-4
4.7928861332626296E-4
5.960861853391876E-4
5.376344086021505E-4
6.488607212916855E-4
7.141771767208631E-4
4.708475255459828E-4
4.485354342993096E-4
5.125744323510808E-4
7.535301248239031E-4
7.592155849190708E-4
5.985583658083086E-4
8.627480400615176E-4
6.168306652959319E-4
6.3125999494992E-4
7.213649479362689E-4
7.762719539411974E-4
5.186493047892298E-4
7.076806944706548E-4
7.769337016574585E-4
5.180034994014182E-4
6.894606537340563E-4
7.669757294791383E-4
8.10601254669768E-4
6.465941356723174E-4
7.391243136702803E-4
8.026522421915895E-4
7.583673194243149E-4
6.121142984335439E-4
7.30827946860688E-4
5.081887690282045E-4
7.403207006269098E-4
6.942348324781165E-4
8.691957042416751E-4
7.037187627060332E-4
6.61292354200781E-4
6.866874198864677E-4
5.197387747723317E-4
8.22398479476589E-4
7.08367981767224E-4
4.968767745599092E-4
8.134784337828554E-4
5.959648816791673E-4
4.234270646881075E-4
6.56780897892463E-4
6.158693784016041E-4
6.371771635704577E-4
7.282731833630037E-4
6.594820653048094E-4
5.711785722966239E-4
6.268908937283654E-4
4.272794170009733E-4
6.948948392476605E-4
7.063255375922147E-4
6.62750414219009E-4
7.319945259539798E-4
7.824986680873736E-4
5.839852238157323E-4
7.526946468356717E-4
6.297040391016222E-4
6.68310214750349E-4
6.171410938825889E-4
6.539557054002209E-4
7.441506299321612E-4
7.609003397508493E-4
6.861575178997613E-4
0.0
7.04959234965978E-4
7.243410071489307E-4
6.263571070653082E-4
3.566950581521034E-4
4.324137334601747E-4
5.556731583403895E-4
7.790943028729102E-4
6.959695629311144E-4
0.0
6.869668019298975E-4
5.844026658708844E-4
5.125744323510808E-4
5.197387747723317E-4
8.22398479476589E-4
0.0
6.248784958480296E-4
3.2440971536573665E-4
3.453743386866356E-4
3.486595154374564E-4
3.2763066053190124E-4
3.099732235896218E-4
1.8236678934977952E-4
2.7543621409720974E-4
3.565527437168449E-4
3.428675921551895E-4
3.846539786600662E-4
3.0191579294065984E-4
3.1151354045522514E-4
2.3027647132709027E-4
3.3763945977686435E-4
2.771863069964344E-4
3.495559051114607E-4
2.87507187679692E-4
3.505928915343503E-4
2.7573293661989893E-4
2.8446302642198433E-4
2.994280923436237E-4
2.9352881850887357E-4
3.244793238756414E-4
3.109767562954713E-4
3.129128711494333E-4
3.223819007636869E-4
3.216588620756721E-4
2.6674607014801305E-4
2.9262848432055747E-4
2.988237211703024E-4
2.75178866263071E-4
2.970325721571809E-4
2.5487122631290537E-4
3.177032940055165E-4
3.1669622498099823E-4
2.49648521160997E-4
2.7179540277490167E-4
2.585343258178841E-4
3.3870421444815406E-4
3.2650638171564266E-4
2.9637554395755324E-4
3.083305303285122E-4
2.9859659599880563E-4
3.229363579080025E-4
2.701776582845695E-4
3.1329233818086434E-4
3.1247780697393654E-4
2.777096061690283E-4
2.790217497453927E-4
3.21068516021319E-4
2.905330909741053E-4
2.4623200238456253E-4
3.5129740518962077E-4
3.022766930929776E-4
3.034300791556728E-4
3.0415727696285136E-4
2.905210891899744E-4
2.9625813099761703E-4
2.883893121579569E-4
2.4970765932566747E-4
1.2733878909300825E-4
1.326358129033054E-4
1.2190558270868535E-4
1.2189900815831409E-4
1.235115455224258E-4
1.330189249652337E-4
1.2576099694172122E-4
1.243963947663044E-4
1.3505578391074572E-4
1.2715312627153126E-4
1.2340081157557006E-4
3.6087101941662116E-4
4.550499445061043E-4
3.40494025877546E-4
3.368569641167129E-4
4.1423495406594623E-4
4.2301184433164127E-4
7.816216950995718E-4
0.0025875357850693678
0.0011524962020011526
6.505730579702121E-4
6.751687921980495E-4
6.73709998468841E-4
4.903319334001321E-4
9.168584916702431E-4
9.591071584270643E-4
9.978740943207946E-4
7.928677144266685E-4
7.551013240613914E-4
6.678539626001781E-4
0.00145985401459854
6.608591168519076E-4
0.0012181916621548457
6.213193581500891E-4
6.409525979945305E-4
7.774763448686561E-4
0.001103088648215002
6.668747694315957E-4
9.819675058025353E-4
0.001035656162154165
8.989993746091307E-4
0.001037252824858757
0.0010924981791697013
8.139655709881888E-4
5.75918910617385E-4
0.0011948111060537097
0.00108148775097569
0.0010682168231728522
0.0013721552878179382
5.47805127455993E-4
6.558017525255344E-4
5.250752607873795E-4
0.001166180758017493
7.519310957686786E-4
9.158254640182351E-4
7.704160246533127E-4
8.070339379008622E-4
6.793688046197078E-4
0.001076320939334638
6.803928529168145E-4
0.0010141550146728813
0.0012567619255778371
6.442376521116678E-4
6.045779202519543E-4
0.0011890606420927468
8.475912638965544E-4
6.611095142282264E-4
4.584192869496364E-4
4.506015006077881E-4
6.331160084056253E-4
0.0012604795685055988
0.001090982899477343
9.041939207387457E-4
0.00120598166907863
7.736744377965753E-4
0.0011964833792852312
6.116481680391454E-4
5.714973229862239E-4
