0.0010036381884330698
6.230853107637987E-4
7.632616715430606E-4
8.052909327667741E-4
8.399456715991136E-4
7.555351159582156E-4
5.568984312052704E-4
9.057971014492754E-4
7.70803311102919E-4
7.829899777282852E-4
7.728771640560594E-4
7.586741747310922E-4
9.671993271656854E-4
7.496007561190234E-4
6.755008767139038E-4
6.549609810479376E-4
8.109477952356817E-4
6.032470427780837E-4
6.444889339878782E-4
7.081498814618676E-4
7.995372890582472E-4
8.457309806635144E-4
4.529385771100309E-4
7.802293511394977E-4
5.7779307631786E-4
9.27607168232415E-4
6.89331495116013E-4
8.373379933012959E-4
7.657247037374658E-4
7.435424950699899E-4
8.093889113719142E-4
7.365385820848743E-4
0.0010361024129673974
7.492008524240811E-4
6.44108553761594E-4
8.706419533335912E-4
9.582298880613267E-4
7.385039550989596E-4
8.465842167255593E-4
7.972823072656682E-4
8.420208500400962E-4
9.296309769209005E-4
6.418119063239867E-4
4.699850459303568E-4
8.854084684401071E-4
5.718147320268233E-4
8.026504542660018E-4
5.227391531625719E-4
8.211379146746469E-4
6.475192816852768E-4
8.534850640113798E-4
7.735148514851484E-4
2.991172393667469E-4
7.455671172485331E-4
7.026199918808356E-4
0.0012404271383885232
5.031989073395155E-4
7.815213615838833E-4
4.5286853557779396E-4
4.81263535536937E-4
0.0011148548211277376
9.059879482533395E-4
8.927862868026348E-4
0.0010420043532626314
7.819353854369302E-4
9.064396626468037E-4
8.471826670031364E-4
6.232039608073954E-4
9.091276415208695E-4
9.231905465288036E-4
9.591907917683992E-4
8.907823392718822E-4
9.53076205540009E-4
8.416190401628435E-4
0.0010424050369011383
9.876218066894918E-4
0.0010812480691998764
0.0010726033274538781
8.67495158166559E-4
0.0
9.383430425773156E-4
8.759778357235984E-4
0.0011738886336957076
6.953682428346837E-4
9.609358679757676E-4
9.143739586296583E-4
5.103461074510531E-4
6.097313117352953E-4
7.802050824788231E-4
7.65232917769346E-4
8.96307214277178E-4
0.0
7.27186633295001E-4
7.728483572861513E-4
6.444889339878782E-4
7.455671172485331E-4
7.026199918808356E-4
0.0
9.4138320572361E-4
4.0415400024600677E-4
3.309564641814845E-4
3.5087719298245617E-4
3.962920844963644E-4
3.7973047215848494E-4
1.9232114133855514E-4
2.792280318969324E-4
2.998654262477327E-4
2.941484076766198E-4
3.7751333606893717E-4
3.5089398216820583E-4
3.7645562842992907E-4
2.825535995616138E-4
4.045734388742304E-4
2.809383340356792E-4
2.9807874698533997E-4
3.440692925636154E-4
4.227972264501945E-4
3.1619042016559556E-4
3.4438571199743714E-4
3.1245606086644065E-4
3.1837774294670844E-4
3.8613505747126436E-4
3.436206428103374E-4
3.685322588570586E-4
3.9751947845444424E-4
3.5499050606786097E-4
3.460820294894083E-4
3.608095253714699E-4
2.777452929481932E-4
3.282731232385344E-4
2.894900632535788E-4
3.5609653453327076E-4
3.8131069195180233E-4
2.5515342778486535E-4
2.8418173421903306E-4
3.3155975180384296E-4
3.6989413981998486E-4
3.511011809766997E-4
3.280104963358827E-4
3.657522859517872E-4
2.9906094862132903E-4
3.375652488926213E-4
3.232622681973003E-4
3.915712022146539E-4
2.0988465469411592E-4
3.199395023486468E-4
3.358587830977115E-4
2.855633450890244E-4
3.0224720799141614E-4
2.913622304899368E-4
2.5158565167304454E-4
3.882672690692175E-4
3.689418078148583E-4
3.578108481743515E-4
3.534817956875221E-4
3.580825458112126E-4
3.2637571157495256E-4
2.9865532262059115E-4
2.879801515218643E-4
1.3783470861742598E-4
1.4510261792118564E-4
1.249825605729433E-4
1.223252538994904E-4
1.318352059925094E-4
1.3333333333333334E-4
1.3502979862146851E-4
1.274715313579967E-4
1.3761720398539423E-4
1.341218450175294E-4
4.78770610490915E-4
3.679506048748968E-4
3.963035685334967E-4
3.331852509995558E-4
4.8538453241290044E-4
4.760919064375905E-4
0.0011081667068176342
9.732863946986955E-4
0.0010880316518298715
0.001027187691231751
0.0010783608914450035
0.0011123470522803117
0.0010724906157071126
6.810980485060261E-4
9.010390705877843E-4
0.001030975073313783
9.284048708869504E-4
0.00104081817359037
9.715025906735751E-4
0.0011589821113630638
8.300320694208641E-4
0.001182343667892801
9.173214214493677E-4
0.0010368663594470047
0.0013675512104283055
9.809417040358745E-4
0.0010141987829614606
0.0011026651651651653
0.0010641900062883954
0.001544660846205507
0.0011638848992125204
0.0010755992624462201
8.681560365783077E-4
0.0013554043142230939
0.0010284538909838875
7.852777493256853E-4
9.48975988700565E-4
9.164468684339934E-4
8.239947264337508E-4
0.0010402833111996458
7.654102598993061E-4
8.024803939449207E-4
9.156365755192076E-4
8.993524662243184E-4
0.0012489139878366637
7.758268681094324E-4
0.0011502666527240407
0.0012801862089031133
7.58425113763767E-4
0.0018179005182950413
0.0011566507417651495
6.338443396226415E-4
0.0013229899573035059
0.0010488828178358864
0.0010918067027437576
5.451481811874319E-4
6.275723167634781E-4
9.909757948890951E-4
0.0010317688837700354
0.0013961501901140685
0.0014883841325309
7.31184193422592E-4
0.0010967526584330742
6.431574323900357E-4
9.890752146742795E-4
9.011223068731057E-4
6.225221978310016E-4
