6.422951346143553E-4
6.01066893736382E-4
7.006071929005138E-4
5.73688450552938E-4
6.728319065479429E-4
6.968537793197521E-4
6.833239252503044E-4
4.778851042196238E-4
6.63072620866607E-4
6.950320319110359E-4
6.617257808364214E-4
7.200288011520461E-4
7.24217844727694E-4
6.768289094226355E-4
6.558428309091439E-4
6.215544265484812E-4
6.970604811200427E-4
5.247292620296975E-4
5.09966519589366E-4
5.921483646626015E-4
6.091651668281878E-4
4.7768845392054057E-4
6.956803106293479E-4
5.371551349745138E-4
7.691278758694488E-4
6.99175865044182E-4
5.842283214001591E-4
6.960627061707471E-4
6.434414927842633E-4
6.927502183669167E-4
7.187996046602174E-4
5.764749172083895E-4
5.640794223826715E-4
6.747638326585695E-4
5.734675672231426E-4
6.366002716161159E-4
6.080203410441367E-4
6.672597864768683E-4
6.864851957975167E-4
5.870342011230219E-4
7.382616399251895E-4
6.024269198772196E-4
6.564114272667598E-4
6.242374372215759E-4
6.41025641025641E-4
6.242551501049884E-4
7.117976677267909E-4
5.175051750517506E-4
6.972420204524327E-4
5.747566863361178E-4
5.713042058871538E-4
7.377291058723236E-4
2.9661139566513294E-4
6.13709741975078E-4
4.777663838911158E-4
7.44047619047619E-4
6.264640191752464E-4
4.2371171462007184E-4
7.021814436850482E-4
5.010476450760682E-4
5.941849103440991E-4
5.523868249319151E-4
5.940280381233994E-4
6.517960602549247E-4
5.825022021424714E-4
6.117402056488351E-4
5.707479279368703E-4
5.28200011737778E-4
6.415374087591242E-4
6.434086359736917E-4
5.87481307412946E-4
6.715720626021956E-4
6.857109509497826E-4
5.318491032776746E-4
6.574449061168674E-4
5.585997765600894E-4
6.154098629687372E-4
5.58711239407766E-4
5.974667410180833E-4
6.380958034071347E-4
6.195429789931705E-4
6.038964448878852E-4
0.0
6.66917969089802E-4
6.313997858731161E-4
5.691735599908932E-4
3.250847190479943E-4
3.916653611154629E-4
5.072341247795947E-4
7.322877891011167E-4
6.356830060743043E-4
0.0
6.786616161616161E-4
6.901412587001851E-4
5.921483646626015E-4
6.13709741975078E-4
7.44047619047619E-4
0.0
6.03508395472346E-4
3.096058582812836E-4
3.104144032283098E-4
3.1928914009320526E-4
2.9261246902665886E-4
3.2640317888313347E-4
1.9540444278646736E-4
2.56019433661197E-4
2.924470670808584E-4
3.58378260463087E-4
3.007584982614691E-4
2.8766818782117505E-4
3.1418876460977753E-4
2.322700526478786E-4
3.2065134046201674E-4
2.5794651127343505E-4
2.9629230582753097E-4
2.9343846085148185E-4
3.2543137737022523E-4
3.05245971463051E-4
2.867966811621268E-4
2.739951228868126E-4
2.764349810748359E-4
3.1997380679535067E-4
3.458148362606961E-4
3.2693509248630506E-4
3.250176954078611E-4
2.9473049295388495E-4
2.726385067018349E-4
3.2863060391605394E-4
3.355039421713205E-4
3.1161333705082575E-4
3.199067294157792E-4
3.3037340252373046E-4
2.7658691743880515E-4
2.913675734378725E-4
3.2066812986346663E-4
2.7112815765110434E-4
2.6338563419498064E-4
3.200731595793324E-4
3.7080109891962046E-4
3.191207833247715E-4
3.147578510623078E-4
2.7165753992650944E-4
3.395182236406539E-4
3.0381172565060164E-4
2.7238543202986933E-4
3.128273774880689E-4
3.503965852260058E-4
3.0434721062242543E-4
3.1220730565095225E-4
3.821242285867136E-4
3.302565839613854E-4
2.7320832854020474E-4
3.396476927114693E-4
3.0485270071778955E-4
2.762563659075622E-4
3.2329644814765835E-4
2.75E-4
3.245882668397804E-4
3.027668229668043E-4
1.27783551701225E-4
1.2925100545258894E-4
1.274096724682513E-4
1.1691637342519347E-4
1.1927028272478383E-4
1.2749410339771787E-4
1.232189264270992E-4
1.2131104151043275E-4
1.252874651283222E-4
1.2939085037917144E-4
1.2959560411710834E-4
1.2455344758281392E-4
3.405485323188863E-4
4.7531823135245425E-4
3.8894683803900076E-4
3.20554851306261E-4
3.7208313400308304E-4
3.884266132652004E-4
3.966816715820699E-4
9.389288047028086E-4
9.443819321652468E-4
9.372470498019E-4
8.3710326648381E-4
6.878630388260471E-4
5.957377670665331E-4
5.644725862661365E-4
0.0010034665207079001
9.439382746449971E-4
0.0010521885521885522
0.001052683117900509
8.837739109941474E-4
0.0011283913064808909
8.71597797234658E-4
9.120389136603161E-4
5.661259753365988E-4
7.942671561705732E-4
8.006814310051108E-4
8.414932680538556E-4
5.913883785892242E-4
9.65462763856585E-4
8.515469770082317E-4
8.729315318050704E-4
9.821130056837178E-4
8.896043378802001E-4
6.978258846881494E-4
7.277794982966863E-4
9.562841530054645E-4
8.088907645776183E-4
8.951619618619368E-4
9.521597770552716E-4
5.561322853329378E-4
8.457800971747346E-4
6.1393216731698E-4
0.0015434264066227024
9.740547241654123E-4
8.513375458776344E-4
6.873263006903146E-4
6.182078479859439E-4
7.353432716090648E-4
8.547941219263787E-4
9.003110165329842E-4
5.612767826638684E-4
8.397655803316181E-4
9.727215056037216E-4
7.694234692051675E-4
9.77864699084363E-4
5.308982798895731E-4
7.294564701092488E-4
8.601024643805392E-4
5.449321311800259E-4
4.564852756958747E-4
7.097553609181517E-4
8.924494624548586E-4
7.939457414101828E-4
7.005360623781676E-4
0.0011283285692793741
9.046926011879006E-4
6.325656286839759E-4
7.96034301841734E-4
4.907918107880714E-4
7.540580227804898E-4
