5654.4
4735.0
6381.2
4615.6
5582.0
4460.4
7383.8
4833.4
4701.2
4522.0
7322.8
6977.4
5424.6
8950.8
10454.2
4812.2
8110.8
7449.8
5300.2
5499.2
8875.8
9961.0
9146.2
8063.2
4890.8
5069.6
6841.6
5041.4
5390.2
5110.8
4823.6
8156.0
6118.0
5237.8
7781.2
4828.0
5417.8
4315.0
6193.0
4647.6
6549.6
4718.4
4767.0
5262.8
8420.8
5171.6
8398.8
4976.8
7858.6
4199.4
7059.2
5387.2
5245.6
14891.6
7944.6
4656.0
5483.2
9142.2
4312.2
8112.2
5811.2
6018.0
6093.4
5044.4
5253.0
7322.6
6346.6
7338.0
5166.0
5145.6
5675.0
5001.2
5005.8
6381.0
5745.6
5659.2
5836.2
6890.2
5967.4
4827.0
4687.2
5693.4
7833.8
5292.8
5425.8
6193.2
8241.0
6637.2
4928.6
5230.6
4395.6
4993.4
6936.2
8063.2
7944.6
4656.0
7317.2
6363.8
13156.6
13404.4
13415.4
13076.2
14152.0
23696.6
16180.0
12731.6
14357.2
10739.2
13652.4
13481.6
13366.6
12624.0
16442.2
13820.0
15144.2
11938.2
14488.6
14260.8
13294.0
12322.6
12364.4
12718.8
13158.4
12994.6
12781.0
17352.8
13742.0
13637.0
13702.8
12802.6
14588.0
13469.2
13245.2
15023.4
18003.6
14442.2
11479.0
12845.0
12423.6
12727.6
13178.0
13289.6
11940.4
14211.2
12756.2
13883.0
14577.8
14137.8
12668.2
13317.2
15234.6
11106.2
13700.8
13373.8
14222.4
14621.0
12601.4
14050.2
34422.6
31409.0
35075.2
34297.6
36287.4
33741.2
34065.8
34360.2
36043.4
34474.2
10338.4
10027.4
12009.8
12736.0
9942.2
9953.2
4779.0
3887.8
2598.2
6137.0
5701.0
5730.4
8275.2
3893.8
3321.6
3343.8
4677.8
4944.6
5631.8
3109.0
6119.2
3600.6
6482.4
6114.8
5081.2
3924.0
6037.2
3214.8
2835.8
3941.8
3159.4
2468.4
6958.2
4792.6
2398.4
4916.6
2759.4
3532.6
7236.0
6079.4
7455.8
4367.6
5118.4
3681.2
5049.6
4975.6
3323.6
5512.6
3131.4
3231.6
7184.0
3737.2
2228.4
6914.4
2721.8
4109.2
5870.6
9400.2
8626.6
6517.6
2622.2
4276.8
4865.4
5039.0
3779.8
4286.6
6389.8
