7473.2
7985.8
6851.2
8192.6
6985.4
6744.6
6731.8
9835.0
6937.4
6618.4
6800.4
6666.4
6213.6
6796.4
6861.4
7400.8
6742.6
8957.0
9020.2
7937.2
7223.0
8583.0
6181.0
8749.8
5980.8
6722.2
8044.8
6608.6
6527.4
6640.2
6677.8
8153.0
7977.6
6669.0
7847.0
7068.8
7236.6
6744.0
6700.8
7836.0
6095.4
6971.8
7007.8
7048.6
7020.0
7048.4
6603.0
8888.8
6454.0
7829.4
7351.6
6099.8
13822.8
7495.4
8581.6
6048.0
7342.8
9912.4
6408.6
8781.6
7573.4
7784.4
7575.4
6904.0
7038.6
7683.0
8059.6
6815.6
7014.4
6994.0
7489.6
6849.6
6854.2
8085.0
7605.2
7518.8
7312.2
8591.2
7531.8
6738.8
6940.6
7617.2
9611.4
6897.4
7285.4
7906.2
10151.2
7659.6
8280.2
6554.8
7079.0
6691.2
6336.0
6810.2
7937.2
7495.4
6048.0
7677.6
7456.4
14857.6
14174.6
14720.2
16062.2
14093.0
22517.4
16795.6
15387.4
12835.6
13632.2
15295.4
14322.6
14207.6
14345.8
17057.8
14850.2
15676.2
13827.8
14087.0
14993.2
14598.8
14108.2
13438.6
12434.4
13764.2
13845.4
14589.6
15771.8
13084.6
13114.6
12194.6
14066.6
12410.2
14462.0
15101.2
14033.2
15122.0
15946.2
13122.0
11866.2
12847.8
13979.0
13988.2
11781.4
13495.2
15052.2
13745.6
12557.2
14128.6
12812.0
10467.8
11809.0
13908.8
12954.6
14433.2
16651.2
13609.8
16000.0
14171.8
12881.2
35215.8
33268.6
33749.4
35067.8
36891.0
34511.4
35708.8
36270.4
35917.4
35551.2
34723.4
35326.2
12039.4
8625.8
11312.6
13726.2
11287.8
11585.2
11596.2
4899.2
4976.8
4694.6
5614.6
6542.0
7385.8
8149.2
4384.8
4873.2
4276.8
4084.8
5091.8
4076.6
5048.2
4934.0
8125.4
5665.6
5870.0
5228.8
7947.4
4557.4
4932.2
5269.6
4785.6
4721.2
6448.6
6458.0
4392.0
5686.8
4803.6
4306.0
8091.6
5557.0
7329.8
2850.8
4517.2
5285.8
6692.6
6146.8
5983.6
5498.4
4887.2
8195.6
5596.8
4729.0
5588.6
4499.6
8476.2
5894.8
5348.2
8074.4
9419.8
6622.0
4818.2
5919.8
6566.4
3988.2
5084.6
6955.8
5527.4
8557.6
5039.4
