6939.8
9856.2
8780.6
8580.2
7227.2
8087.4
7266.2
6903.2
7570.2
8328.2
8410.8
9264.4
8935.0
8459.6
6828.0
6283.4
8084.0
8231.6
11627.8
7217.4
8003.0
9276.6
8629.8
8530.2
8373.4
8726.6
5944.6
9322.2
8069.4
7976.8
8439.4
8422.2
7264.8
6196.8
6890.0
9239.4
7086.0
7660.4
8585.2
8009.4
7310.6
7087.0
7483.4
11440.2
7574.2
8775.6
7588.2
8347.4
11375.6
8056.0
7412.8
14202.4
8565.4
7250.6
7970.2
6710.6
8980.4
9941.0
8249.8
10223.4
6360.4
6903.4
6478.2
7532.2
7839.4
6628.6
7232.0
6857.4
7441.6
7366.2
7423.2
7079.0
7655.8
7288.4
6944.6
6429.4
7048.2
6108.4
6533.0
7484.6
7557.0
6345.0
5929.2
8767.8
7278.8
7078.6
8758.6
6245.4
7082.6
8425.2
7512.4
8206.4
7162.2
8373.4
7250.6
8980.4
6623.2
6519.8
13534.6
14910.6
15757.8
11956.4
12547.0
23959.2
16994.0
17874.2
14676.8
16248.6
14155.2
11795.6
12122.8
13258.0
17337.0
13864.8
13135.2
14680.2
13371.8
14417.6
14406.8
12844.8
14025.4
13285.0
17256.2
13813.8
12534.0
13728.8
13505.6
13148.2
15282.2
14090.2
14898.2
13972.0
12740.8
16493.6
12246.6
17356.6
13870.8
14100.2
14132.6
13018.0
14975.8
14721.6
12368.6
12476.6
22412.2
15353.2
13770.6
15608.0
14834.8
14986.0
16456.8
13824.2
12274.6
13258.8
12317.8
14255.8
13655.0
16118.4
33215.0
31487.8
34900.2
35111.6
34990.8
34413.0
32364.6
35797.4
33269.0
31839.6
10716.4
13017.4
12183.4
14206.2
10658.8
11304.4
5368.4
7404.8
6535.8
5656.4
3219.0
3825.8
7249.2
7368.8
6255.2
6672.4
5965.4
6232.2
5712.8
6544.8
6381.8
6381.8
5735.4
5092.8
4376.2
6914.2
3665.0
6427.8
6773.4
5121.8
6530.0
6396.6
6069.2
5028.4
6659.6
8292.8
7023.0
7049.6
5040.4
5598.8
6463.8
7175.8
6406.0
7156.2
4625.0
7296.8
3976.0
6012.8
7681.0
5077.2
6552.8
8384.6
5901.6
6365.6
5294.0
8566.6
7526.4
5533.2
6659.4
5274.2
4409.6
8379.8
6770.0
7975.4
4563.4
5963.6
7424.4
