8510.6
8025.6
9040.4
7921.2
8798.0
8024.6
8007.8
5727.8
8265.4
8448.6
6592.6
6788.6
5650.6
7901.2
6366.0
7268.2
7145.4
5507.4
5658.0
8460.8
9037.8
7736.8
5713.8
3980.4
7910.8
8658.2
8347.4
7450.2
9211.0
7623.6
7748.2
6226.8
8319.4
6271.8
8423.6
8633.8
8017.2
8279.2
8391.4
8858.6
8480.6
8408.0
10718.6
8055.2
7445.4
7673.4
8724.2
10136.2
8300.2
11495.8
7154.4
5747.0
8413.2
8924.6
11506.0
7996.4
8893.2
8617.4
8308.4
8451.6
8392.6
8474.2
8264.4
7934.2
8967.6
7248.6
8838.8
5872.2
7960.2
7942.6
8401.4
7798.2
7889.4
8482.0
8675.6
8589.2
8224.0
8706.8
8194.2
8994.2
8449.4
8496.2
9482.6
7952.0
8355.8
8649.4
9364.6
8801.6
7609.4
8027.6
8229.4
7390.6
5677.8
3980.4
5747.0
8924.6
7243.2
7708.4
15105.4
16481.4
17119.2
14517.4
13612.8
22629.0
17063.4
14370.8
15726.0
14121.0
13767.2
14795.4
18151.8
12433.8
14739.6
12188.8
12680.4
15988.4
15975.4
13990.2
12506.8
13397.6
13863.2
15299.6
19703.6
11950.2
12195.6
12680.2
14594.6
18689.0
12714.2
10812.2
15542.8
13598.8
15806.0
19948.8
13648.0
14952.8
12855.4
13411.0
13771.6
14288.2
16110.0
14496.2
13856.2
19289.8
14665.6
12269.0
14793.0
14113.2
14298.4
15126.6
13989.8
13784.2
13175.4
15656.0
12289.0
13775.6
12497.2
15325.6
32178.6
33610.4
32451.0
36561.6
36186.6
35186.0
32675.0
31481.0
34661.0
12287.2
12295.8
8857.0
13518.6
12430.4
12821.4
4740.6
8219.6
6360.0
3619.6
6247.4
7642.4
4906.8
5439.4
5856.6
4883.4
5295.8
3977.6
7169.8
4615.6
7770.2
8201.2
4757.2
5435.6
8126.4
6351.4
5612.0
6240.2
6061.8
5856.0
6411.8
3743.4
6627.0
6633.2
6276.4
7561.0
5845.0
3562.0
4087.4
6454.2
5200.6
7022.6
6340.4
8622.2
5549.2
6553.0
7401.2
9251.8
6667.2
6899.2
7647.2
7301.0
7823.8
3960.2
6117.4
6698.0
4797.0
6721.0
6101.0
7045.8
6682.0
7658.2
7982.2
7287.8
6306.8
2482.0
6007.0
