8823.6
8550.0
10196.2
8430.6
8751.2
8174.4
10638.4
8170.4
8415.2
8337.0
10563.2
10018.6
9086.8
9239.6
11533.0
8526.2
9087.6
10952.6
9314.2
9017.4
12491.4
11982.4
11810.4
8705.8
8884.6
9617.6
7686.0
9104.2
8925.8
8537.6
10889.2
9390.8
9052.8
8146.2
8587.0
10514.4
8029.0
8889.4
8462.6
8085.2
9246.0
8755.6
8036.6
9397.6
8511.6
11486.4
8690.8
8835.4
7531.4
6848.0
8705.4
9089.0
9060.6
10953.4
8294.0
7915.6
8848.0
8127.2
13219.6
11241.6
8923.8
9134.8
8533.2
9134.6
8389.0
9410.0
10363.8
10592.6
8830.0
8725.2
8993.2
8638.4
8360.6
9206.0
8997.0
9087.6
9024.0
9045.2
8005.4
10203.0
9224.2
8132.6
8967.6
9107.8
8704.8
9256.6
11037.6
9190.4
8743.6
8820.0
8109.6
8808.4
10683.4
11810.4
10953.4
8294.0
10358.4
9555.6
16306.0
13193.2
14940.0
17424.8
16394.4
26955.4
14812.6
15334.0
14554.2
13738.6
14450.6
16338.8
16123.4
15461.4
15074.8
14796.8
17726.4
15189.6
18235.8
16843.0
14578.8
14921.4
13938.8
15606.2
16466.0
16735.2
16136.2
14925.8
18329.6
17240.8
16948.8
16093.4
16549.8
18335.2
13954.0
16563.4
15912.4
18014.6
18532.0
16304.2
14472.4
17715.0
16474.8
16624.6
16224.2
14845.6
17159.2
15797.4
16874.2
17699.2
17454.2
17118.8
15286.6
16251.8
18225.8
14820.2
16283.0
16820.4
16591.6
17497.4
37004.8
34681.8
38056.2
32930.2
34920.0
32374.6
36379.6
36159.2
37056.4
13487.8
12185.0
15750.6
14545.4
12468.8
12498.4
8526.2
5052.8
6413.2
9391.6
8649.0
7782.4
7136.6
7708.8
8425.0
8522.8
7158.8
5383.2
9379.0
9486.2
6048.2
8394.2
8776.4
8376.8
6650.8
6120.2
7029.8
7136.2
7471.0
6873.4
6283.4
9310.0
9540.4
5870.8
9405.2
3420.0
7007.2
6574.4
4902.4
6561.0
9880.6
10236.2
6911.6
8644.8
7496.2
5850.2
9334.0
8269.4
6237.6
6479.8
6988.6
6014.4
9905.6
5850.0
6543.8
9029.2
12428.2
9250.8
6233.6
6536.8
7138.2
6610.0
7262.8
6198.8
9496.4
8805.6
9477.4
