4782.6
7703.6
6288.8
5836.4
5595.6
6088.4
8439.6
5078.4
5967.8
5747.2
5822.4
5931.4
4756.0
6136.6
6957.8
7176.0
5919.0
7625.4
7292.6
6495.8
5878.4
5202.6
9052.0
5511.2
8134.4
5066.8
6818.2
5493.6
5485.0
6186.6
5930.4
6381.2
4343.2
6006.4
6986.4
5168.6
4591.8
6093.4
5433.6
5769.6
4988.0
4948.2
7011.4
9362.0
5082.4
7694.8
5855.6
8799.8
5480.2
6949.6
4921.0
5817.6
13707.0
6169.8
6404.6
3708.4
8346.6
5758.0
9053.4
9142.6
4036.4
4746.2
5040.4
4318.6
5243.4
5074.8
5547.8
5776.6
4949.8
4874.4
4587.2
5164.0
4931.4
5109.2
4796.6
4556.4
3884.4
4195.4
4956.8
6059.0
5115.4
4908.8
3918.6
6615.2
4787.0
4921.4
6466.2
4920.2
5383.2
6272.6
5020.6
5488.6
5913.2
6081.4
7292.6
6169.8
6404.6
5542.4
4780.2
11381.8
13294.8
13395.0
11607.6
12377.2
22878.4
15399.6
13672.8
15298.4
12185.0
12539.4
11953.6
11679.2
11370.0
15661.8
14761.2
13369.4
10643.4
13599.4
12486.0
12801.8
12249.6
11136.0
12513.8
12210.6
11320.2
12113.0
12424.8
12194.8
13681.6
12489.6
13817.4
12356.2
11801.4
14893.0
16890.6
12667.4
11354.6
12532.0
12499.6
12030.0
13375.2
12145.8
12683.2
10981.4
21916.8
13752.6
12803.0
14007.4
13234.2
13385.4
15104.2
11332.4
11926.0
12297.0
12447.6
12846.2
13175.0
13728.2
13542.6
32647.8
29634.2
34404.8
33517.2
33375.0
33000.0
32585.4
35302.0
32699.4
32060.4
8563.6
11142.8
11102.6
12605.6
9271.0
9662.0
4151.0
4829.0
4044.0
4575.6
4173.0
3955.6
4102.6
6753.8
5216.2
4364.8
4631.6
4419.6
4632.0
3969.0
5301.0
3806.0
5014.6
4340.0
3436.8
4281.6
4338.4
4262.4
4134.6
2978.0
4038.2
3904.8
5183.4
3467.6
4083.8
5857.8
4531.2
4473.8
5461.2
4518.0
5879.2
5483.0
4805.4
5003.6
3683.2
4898.0
3825.2
3437.0
6065.2
2585.4
3977.0
6784.0
3325.8
4099.6
4213.2
8071.2
6851.8
4742.8
4167.6
3366.4
3090.6
6154.4
4194.2
6374.8
4448.6
4882.8
6104.2
