5921.6
5138.8
4124.0
4019.6
5849.2
4754.2
6903.2
6254.4
5059.0
4995.0
8831.6
4270.6
6193.4
6616.0
3999.6
4690.4
7953.6
8826.0
6320.4
4289.0
4559.2
7746.4
8016.8
6933.8
4009.2
4445.8
6822.8
5580.4
4915.8
6099.2
4268.6
4701.8
7546.0
4522.0
7240.0
5068.4
5685.0
4648.6
4760.8
6546.6
4547.0
5429.2
5459.2
8424.0
5118.0
7296.8
4627.0
8573.8
5163.2
7467.8
5449.6
3982.0
13762.2
6888.4
8827.4
5308.0
5464.4
9521.2
4365.8
8831.4
5792.4
6285.2
6074.6
4997.0
5925.2
6950.8
6613.8
6208.6
5112.4
5092.0
5709.0
4947.6
4952.2
6648.2
5726.8
5640.4
5817.4
6871.4
5948.6
5366.0
5398.0
5674.6
7815.0
4050.4
5407.0
6460.4
4966.8
8222.2
6922.2
3707.8
5177.0
4205.2
5806.8
6933.8
6888.4
5308.0
6945.4
6301.6
13137.8
13813.0
14011.6
12802.2
14133.2
22567.2
16574.2
13446.8
15072.4
10740.2
14006.0
13167.8
13052.8
12891.2
16836.4
14535.2
14672.8
11919.4
13359.2
13838.4
13854.8
13026.6
12283.8
11589.4
12514.6
12690.6
13300.2
17409.0
12612.6
12507.6
12865.2
12757.0
11673.2
13458.6
13822.8
12877.0
14076.6
14423.4
18357.2
12004.0
11715.6
11598.2
12729.4
12558.8
12479.4
13897.4
12590.8
21528.8
12936.2
13521.6
13191.0
12417.8
12569.0
14287.8
11052.6
13278.4
17107.8
12762.2
14203.6
13564.8
34061.0
31390.2
34128.4
34691.8
34149.8
34419.4
34341.4
34914.0
36681.6
36007.8
33720.0
10319.6
10001.2
10880.4
11789.2
10295.8
10306.8
3649.6
4603.0
2743.4
5007.6
5387.2
5711.6
7145.8
2651.4
2065.2
2501.6
3548.4
3815.2
4502.4
3553.2
4989.8
4139.6
6770.6
5058.6
4767.4
4509.8
6018.4
2426.6
2609.6
3888.2
2809.6
2781.2
5672.8
5059.8
3016.6
5325.2
2374.8
3944.4
6936.8
4950.0
6326.4
4537.0
3989.0
2438.8
5403.2
5514.6
5198.8
3770.6
7537.6
3718.4
3282.6
5967.6
3670.4
4751.4
4741.2
8383.8
8265.0
6145.8
2470.4
4630.4
4846.6
5292.8
4365.6
5558.4
5801.0
4524.0
5287.8
