7176.2
7364.6
6349.8
6245.4
7122.2
6348.8
7786.6
5569.6
6332.0
6589.6
6061.0
8543.2
6225.4
5508.6
5931.2
5592.4
7665.2
9544.0
5504.6
5469.6
6581.6
7458.0
7728.4
6645.4
6256.0
6962.6
6671.6
7241.2
5904.8
5947.8
6072.4
6861.2
7068.2
6555.2
6747.8
6341.4
6958.0
6603.4
6715.6
7607.4
5991.2
5934.4
6732.2
7747.8
6804.8
6379.4
5756.6
5997.6
9521.4
7086.6
6655.8
8462.0
12960.4
6203.6
5478.6
6737.4
6472.0
10254.8
6320.6
7489.8
6621.4
7139.8
6493.2
6258.4
7291.8
6391.2
7468.4
5523.8
6284.4
6266.8
6407.4
6122.4
6213.6
7230.8
6898.8
6913.4
6230.0
7509.0
6449.6
7371.4
6773.6
6748.0
8498.4
6276.2
6680.0
7315.0
6625.4
9069.0
7550.4
5933.6
6351.8
5714.8
5518.4
6645.4
6203.6
6472.0
6385.8
6374.2
13775.4
14807.2
15352.8
12755.4
14980.0
21225.6
17307.8
14264.8
16020.0
12695.0
14831.8
13240.4
12909.8
13544.2
17570.0
15482.8
14384.4
12745.6
12795.2
13911.0
15035.0
14299.6
12356.4
11352.2
12515.6
12763.2
14346.2
16732.8
11792.8
11822.8
11623.8
11328.0
13170.2
14648.6
12741.4
14039.8
12835.2
14864.0
13277.0
10440.2
11765.6
12914.2
11317.4
14127.8
13638.8
12663.4
21240.4
11694.8
12836.8
11867.4
11142.4
11327.6
13046.4
12314.0
13351.0
12318.0
14887.0
12880.0
12008.8
15214.0
34133.6
32359.2
32792.4
35425.4
35144.0
34809.6
35188.2
34625.6
33431.6
36287.2
10957.2
9325.0
10020.8
14687.2
10547.8
11179.2
11570.2
3817.0
5609.4
4684.2
4322.8
5459.8
6298.2
6857.4
4877.2
3763.6
4180.8
3194.6
2658.8
3800.0
4709.2
3756.4
5566.6
7267.6
4373.8
4578.2
5861.4
6865.2
3936.2
4564.4
4187.4
4180.2
4736.0
5156.8
5375.8
4816.0
4600.6
4938.6
7009.4
4265.2
6038.0
3483.4
3435.0
4664.6
5771.4
6779.4
4691.8
5519.8
8271.2
4890.4
5153.0
4726.2
5132.2
6148.0
4056.4
7117.4
8337.6
5330.2
4425.2
5794.6
5484.2
4687.4
5717.2
5873.6
4235.6
3415.6
4677.8
3747.6
