8201.6
8024.0
9038.8
7919.6
8489.0
8023.0
6425.4
8006.2
8263.8
5832.6
7899.6
6364.4
6787.0
7266.6
5371.0
7735.2
6219.4
7143.8
8459.2
5514.8
5434.2
5170.4
7909.2
8349.2
8345.8
7448.6
9209.4
7622.0
7746.6
6329.4
7827.0
6661.6
8422.0
8347.8
8015.6
8277.6
8389.8
8366.2
8479.0
8406.4
8545.4
8447.0
10717.0
8053.6
7443.8
7671.8
8722.6
9852.6
8298.6
11100.0
7152.8
6559.6
8411.6
8923.0
11013.6
7994.8
8891.6
8615.8
8306.8
8450.0
7941.6
8165.2
7813.4
7932.6
8966.0
7247.0
8346.4
6379.6
7958.6
7941.0
8399.8
7796.6
7887.8
7989.6
8674.0
8186.4
8222.4
8397.8
8240.0
8953.4
8447.8
8102.0
8589.0
7950.4
8354.2
8340.4
8549.8
8471.0
8309.2
7607.8
8026.0
7389.0
5676.2
5170.4
6559.6
8923.0
7241.6
7856.8
14796.4
16197.8
17045.0
13623.8
13787.6
22627.4
14369.2
17061.8
15442.4
13837.4
13765.6
14303.0
11693.4
14754.4
12187.2
12452.6
15704.8
15668.6
14181.8
12505.2
13396.0
13861.6
15016.0
12511.6
12919.4
12678.6
14593.0
12712.6
11738.2
15259.2
13597.2
15804.4
19055.2
12754.4
12853.8
14951.2
13409.4
13770.0
14286.6
16108.4
14055.2
13854.6
19322.4
14664.0
12633.8
14791.4
14111.6
14296.8
14464.6
13988.2
12999.6
13173.8
14762.4
12981.4
12882.0
12495.6
16483.0
14432.0
15491.0
12825.0
31438.2
33118.0
31797.8
36293.4
35568.4
34292.4
32707.6
35903.2
30974.8
33767.4
11978.2
12294.2
9095.0
13517.0
11938.0
12329.0
4739.0
8218.0
6358.4
4432.2
6056.8
6748.8
5437.8
4146.8
6551.4
4881.8
5294.2
3976.0
5855.0
7168.2
5050.0
7768.6
7917.6
5229.6
5434.0
6238.6
8124.8
5457.8
5610.4
6060.2
5854.4
6410.2
4050.0
6134.6
6631.6
8940.2
6274.8
7559.4
4951.4
4374.6
3581.2
6452.6
5199.0
6530.2
6338.8
8497.0
5547.6
7399.6
9030.0
6665.6
6897.6
6985.2
7370.4
7634.0
4772.8
5464.2
5957.6
5080.8
6099.4
6553.4
6373.0
7656.6
7980.6
7286.2
5392.0
3242.6
6005.4
