5784.4
8900.8
7404.2
5105.6
6951.8
6711.0
7203.8
9292.2
6492.2
7083.2
7239.0
7062.8
7543.2
7628.4
7314.2
6071.8
8073.2
8028.6
8478.0
8784.4
7611.2
7721.6
5977.8
7945.8
7204.4
6679.4
7510.6
10240.6
7384.8
9081.4
5751.0
7010.0
5930.6
8037.0
6416.4
6619.4
4925.2
6021.6
6667.2
8062.0
7123.0
7074.2
7208.8
6080.8
10550.6
6731.2
9186.6
7227.4
9988.4
6666.0
6831.0
6559.4
7429.4
14559.6
7449.0
7597.4
6341.0
7754.0
6873.4
10242.0
6014.0
5867.2
5885.8
6652.2
6095.8
7039.6
5833.4
7268.4
6656.2
6580.8
6580.2
6593.2
6813.8
5566.2
6611.0
6221.4
6701.6
5584.4
6312.4
6094.6
6049.6
6137.0
6563.2
7812.4
6291.2
5839.2
7409.6
5550.6
7448.2
6727.0
6672.6
7407.8
7573.2
8784.4
7449.0
7597.4
7034.2
6360.6
12666.2
13176.2
13352.4
13785.0
12958.6
24370.2
14807.0
16487.0
13300.4
14861.4
12420.8
12749.8
12534.4
11821.6
15069.2
15949.8
14222.0
12803.6
15091.2
13338.6
12230.6
12056.0
12685.6
13955.2
13696.6
12748.8
11541.8
13916.6
13503.0
15123.0
13931.0
15309.2
12237.6
13152.4
16334.4
14075.2
16744.0
12237.6
13973.4
13941.0
13429.6
14816.6
12833.4
13570.2
12526.4
15194.0
13949.8
15448.8
14675.6
14826.8
16545.6
12944.2
12778.6
13670.4
12951.8
13993.0
14731.2
14666.8
14878.2
14947.0
33415.8
31042.0
35257.4
32924.6
34914.4
33033.8
31540.2
32844.0
36154.6
33467.4
9848.0
12331.4
12594.4
14047.0
8359.2
8687.4
5816.4
6017.6
5159.4
6067.4
5060.0
3983.4
7606.4
6413.4
5721.4
5743.6
5806.2
6073.0
6123.8
5157.6
6792.8
4947.8
4380.4
5272.0
4787.8
4744.8
5670.2
5629.2
5397.0
4893.6
5410.0
5020.2
6036.0
3326.0
5272.4
6558.4
5646.6
5662.4
6291.6
6009.8
6647.2
6671.6
6246.8
6200.8
3367.4
4855.4
4680.4
4605.6
5770.4
4602.6
5162.8
8225.4
4511.6
3992.4
5705.0
8923.8
7619.8
5746.4
5563.6
5283.0
3458.6
3623.0
7343.0
5382.8
7816.2
5301.2
7545.6
