6460.8
9216.2
7719.6
7519.2
6602.8
7026.4
6524.2
8181.4
6797.2
7267.2
7378.2
10074.8
7398.6
8106.2
7534.4
8064.4
8811.2
8246.2
8273.2
8495.6
8215.2
7644.2
9769.6
8388.6
9260.6
9651.6
7843.2
8022.0
7149.2
7389.6
6827.2
7755.4
7826.0
8167.4
7524.2
6260.6
7085.2
8190.2
7792.6
6773.0
6438.6
6818.8
6167.6
6327.4
8583.2
7037.0
10053.8
7542.8
8021.0
6684.0
3856.6
7146.4
7950.6
8231.6
7518.0
6707.4
6723.2
7188.8
8274.6
11501.6
7035.4
6598.6
7288.4
7160.0
5667.2
7906.8
6828.2
8135.6
7243.2
7187.6
7180.2
7163.8
6886.0
6747.4
7198.0
6883.4
7288.6
6697.0
7231.6
6341.8
6229.4
6917.6
7632.2
8127.8
6878.2
6661.8
7144.8
8267.0
6764.0
7763.6
7314.0
7723.2
8440.4
9651.6
8231.6
7518.0
7901.4
7218.4
13813.6
10201.8
12249.2
13825.8
14916.8
25237.4
13972.0
13111.8
14519.6
13615.8
11732.6
13617.0
13401.6
13035.0
14234.2
13982.4
15004.6
13406.4
15958.4
14121.2
11404.4
12230.6
13543.4
14813.0
14563.8
13606.6
12163.4
14783.8
14227.0
15276.2
12603.0
14788.8
16176.4
11037.6
14019.6
17192.2
15074.2
16083.8
12260.4
14831.2
14798.8
14296.8
15674.4
12207.6
14437.4
13384.2
16051.8
14732.4
16306.6
14829.4
15684.6
17403.4
13465.4
13561.2
13481.8
14537.6
15534.0
14775.6
14020.8
15363.4
34283.0
32376.2
36040.0
32089.6
34079.4
31659.4
34082.8
33388.6
34334.6
33048.8
10995.4
11786.6
13461.6
13728.2
9747.0
9776.6
6674.2
5265.8
5474.8
6934.6
5927.2
5100.6
8389.0
6728.8
6036.8
6059.0
6664.0
6930.8
6991.0
4895.6
7660.0
3910.0
6097.4
6054.6
5655.0
3559.4
6802.0
5944.6
5712.4
5668.4
5725.4
5335.6
4788.4
6818.6
4860.2
4414.6
5711.8
4414.8
7158.8
6877.0
7514.4
6424.0
7104.6
6516.2
4325.4
3022.6
5547.6
4003.6
4575.4
5189.6
5003.8
9083.2
4282.2
3853.0
6572.2
9706.4
8487.0
6529.0
5340.8
5598.4
4447.4
5792.8
4782.0
4288.0
8674.0
6083.8
8403.4
