5096.6
6456.8
4960.2
4759.8
5024.2
4267.0
5991.8
6981.4
4294.4
4507.8
4618.8
9548.0
4639.2
6906.2
6361.6
5395.0
8284.4
8110.2
7257.8
5101.0
5629.2
8683.8
8733.8
7871.2
5167.2
5501.8
6330.4
4888.6
5198.2
5066.6
4630.2
7540.2
5606.8
5593.0
7165.4
4270.2
4860.0
4764.8
4009.4
5635.2
4250.0
4209.2
5618.0
8420.2
4635.6
8234.2
4783.4
7858.0
4223.2
6637.6
4829.4
5208.8
14815.4
7328.8
5153.4
4972.0
8609.8
4429.4
8111.6
9768.8
5300.0
5460.2
5582.2
4657.2
4695.2
6706.8
5788.8
6935.6
4954.0
4849.2
4484.6
5117.2
4762.4
5823.2
5121.0
5148.0
5211.6
6256.0
5359.4
4297.6
4218.8
5182.2
7234.8
5368.4
4828.8
5635.4
7729.8
6079.4
5004.2
4944.0
4227.6
4963.8
6744.2
7871.2
7328.8
5153.4
6701.4
5679.6
12645.4
12982.8
12846.8
13640.8
12518.4
23504.6
15662.8
14356.6
10856.4
12731.0
13094.6
12923.8
12808.8
12066.2
15925.0
13819.4
14477.8
11313.6
14296.6
13594.4
12690.0
11764.8
11730.2
12526.8
12859.2
12436.8
12388.8
17352.2
13550.0
13173.4
13802.6
12610.6
14396.0
12911.4
12687.4
15014.0
13931.0
17445.8
10921.2
12653.0
12535.6
12748.6
13496.2
11754.8
13653.4
12346.8
13873.6
13962.0
14128.4
12867.0
13506.4
15225.2
10902.4
13034.4
12944.4
13623.4
14005.2
12600.8
13858.2
14897.4
33817.0
30897.8
35065.8
33780.4
35770.2
33516.2
33508.0
33849.0
35851.4
33868.6
33324.0
9827.2
10359.0
11817.8
12726.6
9384.4
9395.4
4587.0
3887.2
2715.4
5734.6
5143.2
5009.2
7862.2
3969.4
3277.4
3299.6
4485.8
4752.6
5439.8
3108.4
5927.2
3415.0
5924.6
5499.0
4523.4
3923.4
5526.0
3185.2
2953.0
3595.0
2966.0
2576.2
6291.8
4234.8
2891.0
4916.0
3202.6
3532.0
6692.8
5677.0
7048.4
4622.4
4926.4
3756.8
4491.8
4349.8
4954.8
3046.0
6626.2
3112.6
2721.0
6905.0
2934.8
3551.4
5372.2
9179.6
8021.0
5901.8
2839.0
3719.0
4294.6
5370.6
3779.2
6495.8
5557.0
5461.4
6225.2
