6272.2
9027.6
7531.0
7330.6
6414.2
6837.8
6317.0
8603.6
6608.6
7078.6
10851.0
7210.0
8528.4
7983.8
7875.8
7189.6
9587.4
10315.2
9903.2
8917.8
8200.0
10036.8
10073.8
7738.0
9011.0
7478.2
7928.4
7566.8
6603.8
7637.4
8943.6
10545.8
7153.6
8568.8
6250.0
8096.6
6584.4
6630.2
6251.8
6138.8
7455.6
7201.0
7335.6
6072.0
8121.6
10213.2
6848.4
10476.0
7354.2
9651.0
6590.4
6295.8
6957.8
7762.0
8951.0
7608.4
6518.8
8457.8
7000.2
9904.6
6846.8
6410.0
7099.8
6971.4
5478.6
8329.0
6639.6
8557.8
7054.6
6999.0
6991.6
6975.2
6697.4
6592.6
7009.4
6694.8
7100.0
7175.2
7005.8
6153.2
6040.8
6729.0
8110.4
7939.2
6689.6
6473.2
7235.2
9133.4
6660.8
7575.0
7125.4
7534.6
8862.6
10073.8
8951.0
7608.4
8323.6
7561.4
13625.0
12641.0
9907.8
14388.8
15187.6
25659.6
16041.0
14848.8
16149.6
13427.2
13472.8
14324.6
14109.2
12931.8
16303.2
15612.4
15780.8
13217.8
16380.6
14897.4
12056.8
12042.0
13888.0
14904.2
14812.2
14101.4
11974.8
15206.0
14976.0
16180.0
14988.0
16598.6
13084.4
14582.6
17391.4
15477.8
17787.6
12071.8
15030.4
14913.0
14701.6
15912.4
12019.0
15145.0
13762.6
16251.0
15508.6
16505.8
14974.8
15940.0
17602.6
13276.8
14337.4
14897.4
14499.0
15551.8
14718.6
15956.2
16071.0
16294.2
34990.6
32444.6
36816.2
34158.6
36148.4
33174.4
33641.4
34428.2
35042.2
33892.4
10806.8
12390.0
13883.8
15104.0
9565.6
9595.2
6964.4
6005.0
5286.2
7356.8
6634.8
5578.8
5848.2
9165.2
6540.2
6863.2
7130.0
5870.4
7413.2
5216.2
8082.2
4000.4
6169.4
6830.8
6218.0
5523.8
3645.8
7072.8
5756.0
5479.8
5536.8
5147.0
7594.8
4607.0
4950.6
6044.6
5618.2
5122.6
7866.4
7299.2
8222.0
6730.2
7303.8
6327.6
4803.6
4008.0
6255.2
3815.0
6765.8
5001.0
5094.2
9282.4
4384.6
3664.4
6994.4
10482.6
9194.6
7305.2
5409.8
4258.8
7401.6
5197.8
4378.4
8873.2
6860.0
7664.0
8602.6
