6850.6
6365.6
7380.4
6261.2
7138.0
6364.6
6347.8
4767.0
6605.4
6788.6
7434.6
5128.6
6556.6
6241.2
4706.0
5608.2
5485.4
10854.8
6349.4
4681.2
7377.8
6076.8
6800.8
6619.8
5536.8
6250.8
6998.2
6687.4
6088.2
7551.0
5790.2
5963.6
6058.6
6619.2
6820.6
6659.4
5752.6
6763.6
6973.8
6357.2
6731.4
7198.6
6748.0
9058.6
6395.2
5785.4
6013.4
10530.4
7064.2
8476.2
6640.2
12365.2
5494.4
5401.0
7264.6
6753.2
10853.4
9846.0
6336.4
7233.2
6732.6
6814.2
6604.4
6274.2
7307.6
5588.6
7178.8
4721.2
6300.2
6282.6
6741.4
6138.2
6229.4
6822.0
7015.6
6929.2
6564.0
7046.8
6534.2
7334.2
6789.4
6836.2
8078.0
6292.0
6695.8
6989.4
8782.4
6988.2
5949.4
6367.6
6569.4
5730.6
4017.8
5536.8
5401.0
7264.6
5583.2
13445.4
14821.4
15459.2
14693.4
11952.8
20969.0
17029.0
12710.8
15403.4
14066.0
12461.0
12107.2
13135.4
16491.8
13275.8
13079.6
10284.6
13018.2
14328.4
14315.4
12330.2
10846.8
11737.6
12203.2
13639.6
18043.6
10969.4
11020.2
12934.6
13440.6
11054.2
12061.6
13882.8
11938.8
14146.0
13950.0
18417.2
13292.8
11195.4
11751.0
12111.6
12628.2
14450.0
12836.2
12196.2
20131.8
13005.6
12034.2
13133.0
12453.2
12638.4
13466.6
12329.8
12437.0
11515.4
14466.6
12077.4
11322.6
14390.2
14824.6
33020.6
31950.4
32875.8
35016.6
34901.6
34526.6
34901.6
33517.0
32323.0
34376.6
10627.2
10635.8
9184.0
11858.6
10770.4
11161.4
3080.6
6559.6
4700.0
3520.2
4587.4
5852.4
5748.8
4893.0
3779.4
4196.6
3223.4
3635.8
2713.4
5509.8
3391.6
6110.2
6541.2
3571.2
3775.6
6466.4
6578.6
3952.0
4580.2
4401.8
4196.0
4751.8
4275.8
4967.0
4973.2
7281.8
4616.4
5901.0
6042.6
3462.6
4929.4
4794.2
3540.6
4680.4
5362.6
6962.2
3889.2
5741.2
7591.8
5007.2
5239.2
5987.2
5641.0
6163.8
3253.8
7009.2
7540.0
4527.6
5061.0
4441.0
5385.8
5022.0
5998.2
6322.2
5627.8
4959.6
4347.0
