5607.0
4306.4
5857.4
4106.0
5534.6
4164.0
4689.0
7072.8
6561.2
4404.8
4978.2
9650.0
6833.0
3680.4
8806.4
7011.8
4515.8
4915.0
4982.0
8460.0
8564.8
7138.8
4975.4
8835.2
7752.2
4440.4
4877.0
6697.2
4527.2
5973.6
4990.2
5079.2
4715.6
8011.6
4058.4
4839.0
4953.2
7636.8
4781.2
5370.4
4170.6
6204.6
4846.6
8770.0
5027.2
8115.2
4573.0
8207.8
4573.0
7212.2
5340.4
4736.0
14580.6
7800.2
8461.4
4855.8
5338.8
9179.2
3775.6
9649.8
5666.8
5970.6
5949.0
4900.0
5335.0
7178.2
6299.2
7027.0
5021.6
5001.2
5628.2
4856.8
4861.4
6333.6
5601.2
5514.8
5691.8
6745.8
5823.0
4775.8
4807.8
7689.4
4769.0
6145.8
5281.4
5549.0
4634.0
6648.8
8096.6
5086.2
4404.8
4483.8
6625.2
7752.2
7800.2
4855.8
13012.2
13557.4
13421.4
14007.6
13029.4
23385.6
16232.2
13080.8
14706.4
10150.0
13664.0
13434.8
13319.8
12576.6
16494.4
14169.2
14999.8
11793.8
14177.6
14116.4
13264.6
12374.6
12220.0
12407.8
13014.0
14476.6
12950.6
12729.8
17702.0
13431.0
13326.0
13683.6
12491.6
14277.0
13480.8
13198.4
14895.0
14297.8
18015.2
11490.6
12534.0
12416.6
13033.6
13377.2
11889.2
14164.4
12611.8
13754.6
14433.4
14009.4
12873.6
13522.6
15106.2
10961.8
13556.4
13229.4
14078.0
13739.2
15358.6
12950.6
34278.2
31264.6
34946.8
34349.8
36339.6
33889.4
34077.4
34215.8
35732.4
34329.8
35641.8
10194.0
10227.2
11698.8
12607.6
9953.8
9964.8
4468.0
4237.0
2346.2
5826.0
5654.2
5586.0
7964.2
3370.0
2833.2
2948.6
4366.8
4633.6
5320.8
3292.8
5808.2
3549.4
6494.0
5970.4
5034.4
4155.6
5892.8
2705.2
1994.2
3797.4
2755.6
2191.0
6491.2
4745.2
2756.2
5064.8
2833.4
3684.0
7091.6
5768.4
7144.8
4567.4
4807.4
3157.4
5061.2
4924.4
5465.8
3180.4
7195.6
3592.8
2853.8
6786.0
3080.2
4161.2
5559.6
9202.2
8482.2
6373.2
2822.0
1880.2
4288.4
4721.0
5238.8
3959.0
6376.8
6079.0
6106.2
