5677.2
7518.0
8932.8
7317.6
5964.6
6824.8
6854.6
6307.6
7065.6
7197.0
6779.4
6207.6
7160.6
7569.0
7168.8
10365.2
6740.4
8187.0
8372.8
8678.0
6229.0
7148.2
8324.6
8018.4
8324.8
7725.0
4925.0
8059.6
6806.8
6714.2
7415.8
7159.6
6925.2
5177.2
6550.4
8299.6
6397.8
5823.4
7322.6
6746.8
6049.8
6220.8
6325.6
10836.4
6311.6
8727.0
7084.8
10113.0
6793.4
7302.8
6150.2
13945.4
7046.8
6989.4
7717.8
5448.0
8678.4
6987.2
10366.6
10174.8
5097.8
5640.8
5361.6
6269.6
6576.8
6580.0
5969.4
6808.8
6179.0
6103.6
6160.6
5816.4
6393.2
5956.0
6025.8
5166.8
5785.6
4606.4
5546.8
6222.0
6294.4
5082.4
5381.2
7844.4
6016.2
5816.0
5788.4
6045.4
7501.8
6249.8
6717.8
7142.4
7113.6
8324.8
6989.4
7717.8
6574.6
5916.0
12272.0
13648.0
14495.2
11699.4
12499.0
15731.4
23910.6
14986.0
16611.6
13414.2
12892.6
12074.8
12199.6
15993.6
11911.0
16074.4
13607.8
11872.6
14631.6
12879.0
13155.0
13144.2
12241.0
13510.6
13237.0
12304.2
12466.2
13457.0
13043.4
14678.4
13486.4
14849.6
12709.4
12692.8
15889.8
11989.6
16899.6
12608.2
13528.8
13496.4
12970.0
14372.0
13459.0
12484.0
12081.8
22155.2
14749.4
13490.2
15004.2
14231.0
14382.2
16101.0
12561.6
12319.0
13210.8
11769.8
13533.4
14207.2
13398.0
12806.0
32956.2
30468.2
34643.2
33849.0
33728.2
33353.2
31907.6
35540.4
33007.8
31382.6
9453.8
12413.6
12134.8
13602.4
9621.6
10041.8
5371.8
6142.2
5273.2
5607.8
3928.2
3277.8
6992.2
6445.4
5331.8
5648.8
5361.6
5628.4
5664.2
5282.2
6333.2
5119.2
5187.4
4812.4
4328.2
5651.6
3584.6
5363.8
5510.8
4313.2
5267.4
5134.0
5576.4
3991.2
5397.0
7030.2
5760.4
5787.0
4783.4
5550.2
6187.6
6572.0
5802.2
6232.8
3550.4
6034.2
4091.4
4750.2
6418.4
3814.6
5290.2
7780.8
4639.0
5103.0
5245.4
8309.6
7160.2
5286.8
5684.0
5396.8
4261.0
2862.8
7467.6
5507.4
7371.6
4678.8
7101.0
