11053.2
11151.2
12166.0
11046.8
11340.6
11150.2
11133.4
9552.6
11391.0
11574.2
8786.4
9914.2
8558.6
11026.8
9491.6
10393.8
10271.0
7719.8
9346.6
11586.4
8857.2
8731.2
11036.4
11200.8
11473.0
10873.8
10575.8
12336.6
10749.2
9304.4
11404.8
11606.2
10678.6
9636.6
11549.2
11199.4
11142.8
11517.0
11217.8
11533.6
11397.0
10862.4
9464.0
11434.2
11180.8
10571.0
10799.0
11849.8
12766.0
11425.8
9686.8
10280.0
11172.6
12050.2
11122.0
12018.8
11743.0
11434.0
11577.2
11383.0
10793.2
11016.8
11059.8
10665.0
12093.2
11198.0
10374.2
9506.8
11085.8
11068.2
11527.0
11015.0
10923.8
11831.2
10841.2
11801.2
11349.6
11038.0
11091.6
11575.0
11249.4
11805.0
10953.6
11440.6
11077.6
11481.4
11192.0
11322.6
11160.8
10735.0
11153.2
11355.0
10516.2
8803.4
8731.2
9686.8
12050.2
10368.8
17648.0
19896.6
16639.2
16475.4
25754.6
17496.4
16689.0
16892.8
17154.6
14894.0
17606.0
15314.4
15304.2
18556.4
18520.2
17033.4
15632.4
16523.2
16933.4
17867.6
15638.8
16046.6
15805.8
17720.2
15839.8
15404.6
16724.4
17780.2
18931.6
15606.0
15981.0
18078.4
16536.6
16897.2
17413.8
19042.0
16906.8
17223.4
16927.6
18263.4
17791.2
15608.8
17918.6
17238.8
17424.0
17483.2
17115.4
15851.2
16301.0
17614.0
15956.4
15733.6
15622.8
17283.6
18618.2
19222.2
16168.2
14525.4
19149.4
15464.8
33172.6
35969.6
34816.4
38420.0
37144.0
31062.8
34844.2
33372.6
36619.0
14829.8
15421.4
12222.2
16644.2
14789.6
15180.6
7866.2
11345.2
9485.6
7559.4
8908.4
9600.4
7100.6
9678.6
8565.0
8982.2
8009.0
8421.4
7103.2
10295.4
8177.2
10702.2
10769.2
8356.8
8468.4
11238.0
8309.4
8737.6
9365.8
9187.4
8981.6
9537.4
7406.8
8986.2
9758.8
13048.6
9402.0
10686.6
7803.0
7501.8
6163.8
9579.8
8326.2
9381.8
9466.0
8674.8
10333.2
9548.0
10024.8
10003.8
10222.0
10485.6
7900.0
4453.8
8482.8
8055.8
9226.6
9405.0
9224.6
10783.8
11107.8
10413.4
8243.6
6369.8
7489.0
10774.2
9132.6
