6048.8
9040.4
8025.6
7921.2
6336.2
7505.8
6392.6
5462.6
7027.8
7746.6
7344.8
7901.2
5387.4
4870.0
7268.2
5375.8
7736.8
5776.8
10943.8
7145.4
8460.8
5825.2
6932.8
7910.8
5870.0
6196.4
8347.4
6986.6
7385.4
8448.6
7623.6
4395.6
7027.0
5674.2
4020.8
6195.0
7118.0
8423.6
7325.4
6213.4
7748.2
8003.6
6879.8
6840.0
10560.2
7031.8
7335.0
7673.4
10691.6
7372.0
7699.8
6879.2
12612.2
7154.4
4736.0
6168.2
8296.4
8860.8
7668.2
10945.2
5788.8
6012.4
5660.6
6989.8
7135.2
5330.0
6193.6
5147.0
6908.0
6832.6
6880.8
6543.4
7151.4
5836.8
6754.8
6033.6
6482.6
6245.0
6087.2
6800.6
6848.6
5949.2
7262.8
7952.0
6648.0
6187.6
7797.2
6156.4
7609.4
6978.8
7467.4
7390.6
5721.6
6932.8
4736.0
8296.4
5324.6
12643.6
14045.0
14892.2
11634.8
13392.8
22518.6
15564.6
17190.2
14095.2
13289.6
11684.6
12043.2
12150.2
16653.0
12153.6
12601.6
13239.6
11235.4
13552.0
13515.8
12029.0
12584.8
12372.8
11929.0
12863.2
12065.0
11323.8
14466.4
12792.2
12953.0
13106.4
11828.6
15677.8
17640.8
12523.4
13246.4
12818.8
13252.6
12105.8
14160.0
14037.6
11926.2
11923.2
20834.6
14537.4
10989.0
14634.6
13954.8
14170.2
15016.2
13281.8
10870.6
11905.8
13651.4
11032.2
12815.2
12663.4
15434.4
13722.2
15334.2
31583.0
30965.2
33310.0
34031.4
34140.6
33415.6
33916.4
34219.8
31158.0
33391.4
9825.4
12137.4
10742.8
13390.4
9785.2
10176.2
4456.2
6720.8
5954.2
3727.4
3904.0
5037.2
5659.0
6553.0
5439.4
5856.6
4961.4
5316.2
4272.2
5860.8
4941.2
5697.8
5764.8
3151.4
3464.0
6233.6
5226.8
5612.0
6191.8
4306.0
5856.0
5815.0
3473.0
3981.8
5975.6
7427.2
6276.4
6365.6
4189.8
3669.8
4602.2
6295.8
5026.8
6340.4
4377.4
6344.2
3854.4
5328.8
6877.2
4543.6
5868.8
7568.8
5217.6
5481.2
3074.6
6976.4
5787.0
2757.2
6262.6
6101.0
4400.6
4220.2
7499.8
6086.0
7159.6
3393.2
5983.8
