11659.0
11682.4
10825.0
10624.6
11424.2
10676.6
12180.0
9202.2
10634.0
10917.4
10363.0
9059.4
10527.4
9141.2
9563.8
9910.2
9174.0
9137.2
9952.4
10462.2
9815.0
8765.6
9472.6
9749.2
9872.8
11445.4
10783.8
10374.4
10387.6
11221.8
10336.8
9919.8
10954.4
11106.8
11461.6
10252.0
10614.8
11260.0
10643.4
10911.2
12000.8
11034.2
11595.2
10716.6
6400.4
10299.6
11067.2
12247.0
11138.6
10362.2
9796.4
10386.8
11039.4
10258.4
14648.2
10619.0
8469.4
11287.6
10934.6
10956.0
11104.2
11622.6
10976.0
10600.6
11651.8
10023.8
11981.0
9156.4
10767.2
10690.6
10550.8
10890.2
10546.2
11624.2
11301.8
11215.4
10712.8
12032.4
10932.4
11352.0
11075.6
11230.8
12332.6
10594.0
10982.0
12214.6
11796.6
10775.6
10251.4
10855.6
10032.6
9513.2
9749.2
10386.8
10258.4
18258.2
18592.2
19333.4
17367.4
16818.0
22205.2
17688.6
17046.0
19077.0
17472.0
16542.4
17937.6
15283.8
17228.4
16024.2
16243.4
19212.0
18721.4
16839.2
15521.8
16530.4
16936.4
18650.6
19215.6
15425.4
15696.2
15455.4
14293.8
15376.4
16113.2
18893.8
16374.0
18563.2
16498.0
17735.2
15780.2
14862.8
16745.2
13982.4
18108.4
17689.8
17146.2
22798.4
14455.0
16224.2
18189.2
13348.8
15123.0
13998.4
11658.4
16651.2
16634.2
15791.2
18506.0
16571.8
16625.6
14938.8
17377.4
18175.6
16502.4
35028.6
36752.6
31963.8
38308.0
38902.6
39057.4
39203.0
38036.0
36183.6
34331.0
15440.0
13305.6
11453.8
11002.8
15572.6
15963.6
7665.4
9389.4
8826.8
8269.2
9691.4
10492.4
7373.6
9195.0
8081.4
8569.8
7259.8
7064.6
7167.8
8689.8
5395.8
9547.2
11552.2
8006.4
8210.8
9842.0
9201.4
8254.0
8866.4
8670.2
8482.2
8931.6
8022.2
9769.2
8602.4
10300.0
8865.2
8919.2
8695.0
8211.6
6937.4
7464.0
7219.0
10164.8
8982.4
10760.0
8324.4
9500.4
12664.6
9293.4
8939.4
4012.2
9112.8
10508.0
7689.0
3860.0
9548.0
8671.2
8498.6
8727.2
10188.0
10007.6
8668.0
9697.8
9156.8
7445.2
7900.0
4962.0
