6887.4
8260.0
6613.8
6494.4
6815.0
6238.2
8702.2
6234.2
6479.0
6819.4
6400.8
8627.0
8082.4
7303.4
9047.8
10224.2
6590.0
7732.4
9016.4
7081.2
7606.8
11487.8
7378.0
10686.8
10673.6
9874.2
6769.6
6948.4
8115.2
5749.8
7168.0
6989.6
6601.4
9261.0
7546.6
7116.6
6210.0
8886.2
6650.8
6526.4
6092.8
7250.2
6100.4
6149.0
8042.4
6575.4
9550.2
6754.6
7480.2
5595.2
5567.8
6769.2
7124.4
9049.6
6357.8
6911.8
7626.0
6191.0
7733.8
11283.4
6987.6
7198.6
7198.4
6597.0
6452.8
8427.6
7473.8
8656.4
6893.8
6789.0
7057.0
6702.2
6424.4
7499.2
7060.8
7087.8
7151.4
8046.8
7109.0
6196.4
6069.2
7031.4
9025.6
7171.6
6768.6
7320.4
6219.2
9669.6
7694.4
6807.4
6883.8
6872.2
8747.2
9874.2
9049.6
6357.8
8422.2
7619.4
14315.6
11913.0
13659.8
15580.6
14458.2
25019.2
14773.6
12571.0
13978.8
12618.0
13717.6
14863.6
14559.0
13760.0
15035.8
13441.6
16417.6
13253.4
16299.6
15534.2
13298.6
13641.2
13670.0
14529.8
14799.0
14200.0
13574.0
16974.4
15304.6
15074.6
14735.4
14613.6
16399.0
13022.6
14627.2
16078.4
17739.4
15870.8
14368.0
12536.2
14538.6
14688.4
14288.0
12909.4
15593.2
13861.2
14938.0
15682.8
15192.8
13350.4
14315.6
16289.6
12884.0
16014.2
14974.2
14884.2
15414.2
11928.0
15726.0
15802.4
35522.0
32837.6
36130.2
32891.2
34881.0
32334.8
35240.6
35373.6
34914.2
35573.6
11497.4
10054.0
13814.4
13187.4
10999.4
11194.4
6590.0
3412.8
4477.0
7455.4
7083.0
6800.0
9802.0
5772.6
5200.4
5222.6
6488.8
6586.6
3447.0
7442.8
7550.0
4112.0
7539.6
7219.8
6463.2
4356.0
7465.8
5093.6
4714.6
5534.8
4937.2
4347.2
5910.2
8231.6
3934.6
3510.2
4638.2
2966.2
8397.8
7397.8
8753.4
4975.4
6708.6
5560.0
6148.4
4096.2
6705.0
4301.4
5934.0
5052.4
4078.2
7969.4
3913.8
5263.6
7093.0
10455.2
9726.0
7622.6
4297.4
4600.6
5334.0
5252.0
6085.4
4262.6
7560.2
7496.8
7541.2
