7177.2
8663.4
9678.2
8559.0
7464.6
8634.2
8156.2
5806.8
8875.0
9086.4
6363.6
5899.6
4394.6
8539.0
5812.4
7906.0
7783.2
6045.8
6306.8
9098.6
8374.6
4844.0
5933.8
8548.6
6045.8
7324.8
8985.2
8116.2
8513.8
8261.4
4517.0
6802.6
4849.2
7323.4
8246.4
9061.4
8453.8
7341.8
7968.4
11120.0
7521.0
8386.0
9132.0
8008.2
8160.2
7894.8
8311.2
8500.4
8829.4
8007.6
11631.0
7792.2
4984.0
7296.6
9424.8
9989.2
8796.6
9342.6
8381.4
7497.4
6917.2
7140.8
6789.0
8118.2
8263.6
6359.6
7322.0
5545.6
8036.4
7961.0
7673.0
8279.8
8009.2
6965.2
7883.2
7162.0
7501.0
7373.4
7215.6
7929.0
7977.0
7077.6
8391.2
8589.8
7776.4
7316.0
8212.2
7284.8
8247.2
8107.2
8595.8
8028.4
6281.4
5933.8
4984.0
9424.8
6354.2
6833.6
13772.0
15174.6
16021.8
13365.0
12764.4
23078.4
15223.6
16693.0
14419.2
12814.2
13171.6
13278.6
17781.4
11172.4
13730.0
12993.4
10840.6
14681.6
14644.2
13158.6
13144.6
12621.8
13058.6
13992.8
12599.0
12086.6
11895.4
14996.0
13352.0
11739.0
14236.0
12958.2
16207.4
18770.4
12495.6
13378.6
14374.8
13812.4
13235.4
14689.6
15166.0
13030.8
13052.8
19853.4
15067.0
10821.4
15259.4
14514.6
14699.8
14995.6
14410.2
11975.2
12251.2
14503.6
11169.0
12623.2
13131.4
14173.2
15894.0
13888.0
31001.2
32093.6
32328.8
35269.0
34544.0
34033.6
33238.6
30176.8
33508.6
10953.8
12697.2
10501.8
13920.0
10913.6
11304.6
5198.6
7849.2
7082.6
3755.6
5033.6
6165.6
4677.8
7190.8
6077.2
6494.4
5521.2
5876.0
4551.0
6989.2
5501.0
6826.2
6894.4
3715.4
4593.6
7362.0
5199.0
6249.8
6878.0
5435.6
6493.8
6943.4
2619.4
5110.2
7104.0
6914.2
7494.0
4501.8
3698.0
3621.0
6855.6
5586.6
5505.8
6978.2
7472.6
4959.0
8556.8
6457.2
8005.6
5672.0
6997.2
7516.2
6346.0
6609.6
3473.2
5995.2
5520.6
3268.4
6738.8
5529.0
5348.6
8059.6
7214.4
7689.2
4497.8
4649.4
6543.6
