6947.0
6673.4
8319.6
6554.0
6874.6
6297.8
8761.8
6293.8
6538.6
6460.4
8686.6
8142.0
7363.0
9255.2
10283.8
6649.6
7805.4
9076.0
7140.8
7505.6
10746.4
11547.4
10733.2
9933.8
6829.2
7008.0
8174.8
5809.4
7227.6
7049.2
6661.0
9320.6
7606.2
7176.2
8945.8
6269.6
6710.4
6152.4
7309.8
6586.0
7666.4
6858.4
6160.0
6208.6
8115.4
6635.0
9521.4
6814.2
7553.2
5654.8
5860.2
6828.8
7184.0
7806.8
9109.2
6416.2
6971.4
7943.2
6250.6
11487.0
7047.2
7258.2
7258.0
6656.6
6512.4
8487.2
7533.4
8716.0
6953.4
6848.6
6484.0
7116.6
6761.8
7558.8
7120.4
7147.4
7211.0
8106.4
7168.6
6256.0
6128.8
7091.0
9085.2
7231.2
6828.2
7380.0
9729.2
7754.0
6867.0
6943.4
6233.0
6931.8
8806.8
9933.8
9109.2
6416.2
8481.8
7679.0
14375.2
12205.4
13952.2
15640.2
14517.8
25222.8
14981.0
14051.8
12677.6
12426.2
14010.0
14923.2
14618.6
13819.6
15243.2
13514.6
16477.2
13313.0
16359.2
15593.8
13591.0
13582.0
13729.6
14752.0
14858.6
14259.6
13866.4
17047.4
15364.2
15134.2
14745.8
14727.8
16458.6
13315.0
14686.8
16146.0
18031.8
15930.4
12595.8
14339.2
14598.2
14748.0
14334.8
12969.0
15652.8
13920.8
15005.6
15742.4
15260.4
13397.2
14362.4
16087.2
16357.2
12943.6
15033.8
12254.8
14943.8
15773.6
15785.6
15473.8
35581.6
32897.2
36197.8
33098.6
35088.4
32542.2
35182.6
35666.0
34987.2
35633.2
11557.0
9934.6
13859.0
13395.4
11059.0
11070.0
6649.6
3582.4
4536.6
7515.0
7142.6
6859.6
9861.6
5832.2
5260.0
5282.2
6600.2
6557.8
7502.4
3506.6
7594.6
4171.6
7599.2
7279.4
6522.8
4437.4
7525.4
5153.2
4774.2
5594.4
4996.8
4406.8
5969.8
8291.2
3994.2
4697.8
3025.8
8457.4
7457.4
8813.0
4697.6
6776.2
5619.6
6166.4
4177.6
6764.6
4361.0
6226.4
5112.0
4137.8
8037.0
3973.4
5368.6
7152.6
10522.8
9785.6
7682.2
4350.2
4660.2
5393.6
4946.2
6145.0
4322.2
7627.8
7556.4
7524.0
7512.4
